6.794433703704483296e-02 5.240909922451120195e+00 -4.048462939779335912e-01
1.440957212444954894e-01 5.183104411805476985e+00 -1.012115734944844192e+00
2.424579258457859043e-01 5.086761894062737710e+00 -9.525795152422049661e-01
3.915877199187101088e-01 4.945459534706721172e+00 -9.446413526151830053e-01
6.136959238571079167e-01 4.727083161156514279e+00 -1.012115734944837531e+00
8.516689995053913220e-01 4.527975291154855420e+00 -6.361870333938992594e-01
1.105506946863560103e+00 4.322444586637013586e+00 -9.446413526151850037e-01
1.346652996853820561e+00 4.071954040505892713e+00 -1.175360208323040112e+00
1.625874738947806319e+00 3.776503652761495022e+00 -9.943593185422978653e-01
1.936826224461563051e+00 3.448939092436184239e+00 -1.135544483108846370e+00
2.241431761291365454e+00 3.108528863078507953e+00 -1.104126256303460840e+00
2.587285964566870877e+00 2.710313123075189345e+00 -1.199544574749439541e+00
2.876026629686788016e+00 2.331365886620417882e+00 -1.477141883433009673e+00
3.091788884941231608e+00 2.023069829843654244e+00 -1.371253576376876948e+00
3.240918679014155757e+00 1.785424952744899318e+00 -2.024231469889689272e+00
3.342453857957423224e+00 1.618431255324152662e+00 -1.265144668681050133e+00
3.463026882952553898e+00 1.412900550806310829e+00 -2.024231469889671065e+00
3.599464779657569835e+00 1.123872997578095223e+00 -2.217015419402986076e+00
3.698627984734386143e+00 9.440336311249833967e-01 -9.871945346308339531e-01
3.747056182653537793e+00 8.091541062851494992e-01 -6.464264787601854856e+00
3.804287017139412530e+00 7.128115885424110010e-01 1.553909804712009235e-01
3.904988613293185029e+00 5.265493875731165341e-01 -3.245592498280966520e+00
4.015124418456570865e+00 2.118304962801708102e-01 -2.403774870493995852e+00
