3.621459361727372150e-02 5.253755591483485254e+00 1.405887110764405534e-01 2.742666666666666586e+01 5.138268690647724429e-02
9.967408045681594442e-02 5.228064253418755136e+00 1.561105611572148888e-01 2.751282051282051455e+01 5.138268765157667783e-02
1.885173620321750343e-01 5.138144570192198834e+00 1.631399967110374050e-01 2.812500000000000000e+01 5.138269045554028081e-02
2.963984896593968021e-01 5.035379217933277474e+00 1.989294579317650857e-01 2.723913043478260931e+01 5.138269403362358961e-02
4.867769501780234709e-01 4.855539851480165758e+00 2.084313394606347458e-01 2.713333333333333286e+01 5.138270125405641070e-02
7.406148975361923625e-01 4.598626470832863689e+00 2.068152714210791387e-01 2.622666666666666657e+01 5.138271368576204090e-02
9.627231014745902815e-01 4.457324111476847150e+00 1.785547995498752982e-01 2.710666666666666558e+01 5.138272158471329787e-02
1.248290792252530146e+00 4.187565061797179133e+00 1.960891377790545675e-01 2.756862745098039369e+01 5.138273875642473953e-02
1.445015201455110976e+00 3.956343019214606738e+00 2.158072397437345025e-01 2.644000000000000128e+01 5.138275566031635933e-02
1.806734276440501663e+00 3.596664286308383307e+00 2.754262566057112949e-01 2.639603960396039639e+01 5.138278596471685528e-02
2.066918172482624438e+00 3.301213898563985172e+00 2.727234348409832698e-01 2.616455696202531556e+01 5.138281450908255971e-02
2.415945350100106914e+00 2.915843827593031179e+00 2.189602675971329404e-01 2.555801104972375626e+01 5.138285669041076087e-02
2.758626579033634840e+00 2.504782418557347068e+00 2.867527993370670991e-01 2.472727272727272663e+01 5.138290785985132753e-02
2.993426680339941193e+00 2.157949354683488252e+00 3.339873948414933125e-01 2.406422018348623837e+01 5.138295599292707488e-02
3.190151089542522467e+00 1.888190305003820457e+00 3.837643623419082495e-01 2.388983050847457790e+01 5.138299656756502298e-02
3.291686268485789491e+00 1.682659600485978402e+00 3.339873948414933125e-01 2.305714285714285694e+01 5.138302932440615839e-02
3.393221447429056958e+00 1.554202910162327145e+00 3.633489240583278601e-01 2.422950819672131217e+01 5.138305060678193675e-02
3.532832318476050393e+00 1.271598191450294291e+00 4.110614090356840000e-01 2.239189189189189122e+01 5.138309961947521570e-02
3.666097240839088833e+00 9.761478037058962665e-01 2.605835717994071654e-01 2.184482758620689680e+01 5.138315408183984773e-02
3.731158728629683452e+00 9.119194585440705270e-01 5.437999890367903877e-01 1.924675324675324717e+01 5.138316635728530646e-02
3.762953636677392133e+00 7.063887540262284714e-01 3.104370016154905931e-01 1.889473684210526372e+01 5.138320668463090130e-02
3.845620397601432927e+00 7.192344230585935305e-01 7.450488038771777566e-01 1.640789473684210620e+01 5.138320411747897970e-02
3.964356828984937131e+00 3.338643520876395376e-01 2.870727775058991016e-01 1.457647058823529385e+01 5.138328384021378925e-02
4.065892007928204599e+00 8.979664047270206895e-02 1.383379741947014518e-01 9.407894736842104422e+00 5.138333722933287329e-02
