$SPEC_ID:
No sample description was entered.
$SPEC_REM:
DET# 1
DETDESC# MCB 130
AP# Maestro Version 6.08
$DATE_MEA:
01/25/2022 15:22:25
$MEAS_TIM:
180 184
$DATA:
0 511
       0
       0
  400523
   39023
    2969
      91
      12
       5
       5
       7
       4
       4
       0
       1
       2
       0
       4
       3
       2
       0
       2
       1
       4
       3
       1
       3
       0
       0
       2
       0
       1
       0
       1
       1
       1
       1
       2
       0
       0
       0
       1
       0
       1
       0
       0
       1
       1
       0
       1
       1
       0
       0
       1
       0
       0
       0
       0
       0
       0
       1
       1
       0
       0
       1
       1
       0
       1
       1
       0
       0
       0
       0
       0
       0
       1
       0
       0
       0
       0
       0
       0
       1
       0
       0
       0
       2
       0
       0
       0
       0
       0
       0
       2
       0
       3
       1
       1
       1
       0
       0
       0
       0
       0
       0
       0
       0
       1
       0
       0
       1
       2
       1
       2
       0
       0
       1
       1
       0
       1
       0
       2
       0
       0
       1
       0
       1
       0
       0
       0
       0
       0
       1
       0
       0
       1
       0
       0
       2
       1
       1
       0
       1
       0
       1
       2
       1
       1
       1
       0
       1
       0
       0
       0
       1
       1
       0
       0
       0
       0
       2
       0
       0
       0
       2
       0
       0
       1
       0
       1
       2
       0
       0
       0
       2
       0
       1
       1
       1
       1
       0
       1
       0
       1
       1
       1
       0
       0
       0
       2
       0
       0
       0
       0
       4
       0
       1
       0
       2
       2
       3
       0
       1
       0
       0
       1
       4
       2
       1
       1
       0
       0
       1
       1
       2
       1
       2
       1
       3
       1
       0
       2
       0
       0
       1
       2
       2
       0
       1
       2
       0
       2
       5
       2
       2
       4
       1
       2
       2
       1
       6
       2
       0
       0
       2
       0
       0
       1
       0
       4
       3
       0
       3
       3
       2
       1
       2
       1
       1
       1
       0
       3
       1
       3
       1
       0
       5
       6
       4
       2
       0
       1
       2
       3
       4
       4
       2
       0
       3
       2
       1
       1
       2
       2
       3
       4
       3
       1
       5
       2
       1
       0
       3
       2
       2
       1
       5
       1
       3
       2
       5
       5
       2
       4
       2
       3
       3
       3
       2
       6
       5
       4
       6
       3
       5
       6
       9
       4
       5
       6
       5
       3
       3
       6
       9
       7
       8
       8
       5
       7
       3
       2
       4
       9
      10
       7
       4
       2
       6
       8
       8
       8
       6
      10
       7
      14
       9
      10
      12
      12
      12
       6
      13
      10
      16
       7
       9
      10
      11
      10
      11
      14
      17
      14
      12
       9
      15
      16
      18
      18
      14
      15
      17
      15
      22
      22
      15
      22
      21
      21
      20
      25
      29
      22
      25
      30
      39
      36
      34
      45
      57
      46
      52
      54
      46
      54
      57
      69
      76
      83
      96
     105
      94
     128
      98
     143
     149
     117
     143
     145
     172
     166
     177
     181
     212
     227
     200
     205
     137
      80
      26
       5
       0
       0
       0
       0
       0
       0
       0
       0
       0
       0
       0
       0
       0
       0
       0
       0
       0
       0
       0
       0
       0
       0
       0
       0
       0
       0
       0
       0
       0
       0
       0
       0
       0
       0
       0
       0
       0
       0
       0
       0
       0
       0
       0
       0
       0
       0
       0
       0
       0
       0
       0
       0
       0
       0
       0
       0
       0
       0
       0
       0
       0
       0
       0
       0
       0
       0
       0
       0
       0
       0
       0
       0
       0
       0
       0
       0
       0
       0
       0
       0
       0
       0
       0
       0
       0
       0
       0
       0
       0
       0
       0
$ROI:
0
$PRESETS:
Live Time
180
0
$ENER_FIT:
0.000000 15.414295
$MCA_CAL:
3
0.000000E+000 1.541430E+001 0.000000E+000 keV
$SHAPE_CAL:
3
3.066101E+000 0.000000E+000 0.000000E+000
