$SPEC_ID:
No sample description was entered.
$SPEC_REM:
DET# 1
DETDESC# MCB 130
AP# Maestro Version 6.08
$DATE_MEA:
01/25/2022 15:16:52
$MEAS_TIM:
74 76
$DATA:
0 511
       0
       0
  167837
   16404
    1218
      41
       4
       4
       1
       1
       3
       1
       0
       1
       0
       1
       0
       1
       0
       0
       0
       1
       1
       1
       0
       0
       0
       0
       0
       0
       0
       0
       0
       0
       0
       0
       0
       0
       1
       0
       0
       0
       0
       0
       0
       0
       0
       0
       0
       1
       0
       1
       0
       0
       0
       0
       0
       0
       0
       0
       0
       0
       0
       0
       0
       0
       0
       0
       0
       0
       0
       0
       0
       0
       0
       0
       0
       0
       0
       0
       0
       0
       0
       1
       0
       0
       0
       0
       0
       1
       1
       0
       0
       0
       1
       0
       1
       0
       0
       0
       0
       0
       0
       0
       0
       0
       0
       0
       0
       0
       1
       0
       0
       0
       0
       0
       1
       0
       0
       0
       0
       1
       0
       1
       0
       1
       0
       0
       1
       0
       0
       0
       0
       1
       0
       0
       1
       1
       0
       0
       1
       0
       1
       0
       1
       1
       1
       0
       0
       0
       0
       0
       0
       0
       0
       0
       1
       0
       1
       0
       1
       0
       0
       0
       0
       0
       0
       1
       0
       1
       0
       0
       0
       0
       0
       0
       1
       1
       0
       1
       0
       1
       0
       0
       0
       0
       0
       0
       1
       0
       0
       1
       1
       1
       0
       0
       0
       1
       0
       0
       0
       0
       0
       0
       1
       0
       0
       0
       2
       0
       1
       1
       1
       1
       1
       0
       0
       1
       1
       1
       1
       0
       0
       1
       0
       2
       0
       2
       1
       1
       0
       1
       1
       2
       0
       0
       1
       1
       1
       0
       1
       0
       0
       1
       0
       0
       0
       1
       0
       2
       3
       0
       1
       1
       0
       1
       1
       1
       1
       0
       0
       1
       0
       1
       1
       2
       0
       0
       2
       1
       1
       1
       1
       0
       1
       4
       0
       0
       0
       2
       0
       3
       3
       0
       3
       0
       2
       1
       1
       0
       1
       0
       0
       1
       0
       2
       1
       2
       2
       3
       1
       2
       1
       1
       1
       1
       1
       2
       3
       8
       4
       1
       4
       3
       0
       1
       1
       2
       3
       4
       2
       2
       5
       3
       0
       3
       3
       1
       1
       2
       0
       4
       4
       6
       3
       6
       5
       1
       4
       3
       1
       4
       5
       5
       2
       7
       9
       5
       2
       4
       2
       5
       4
       4
       1
       6
       7
       4
       8
       3
       8
       7
       3
       6
       7
       3
      10
       6
       3
      10
      10
       7
       5
      15
       9
      12
       9
       8
      17
       9
      11
      13
      17
       9
      22
      17
      20
      21
      22
      25
      24
      37
      32
      42
      31
      40
      49
      44
      65
      45
      41
      61
      65
      42
      69
      73
      77
      76
      90
      91
      88
      69
      51
      26
       9
       3
       0
       0
       0
       0
       0
       0
       0
       0
       0
       0
       0
       0
       0
       0
       0
       0
       0
       0
       0
       0
       0
       0
       0
       0
       0
       0
       0
       0
       0
       0
       0
       0
       0
       0
       0
       0
       0
       0
       0
       0
       0
       0
       0
       0
       0
       0
       0
       0
       0
       0
       0
       0
       0
       0
       0
       0
       0
       0
       0
       0
       0
       0
       0
       0
       0
       0
       0
       0
       0
       0
       0
       0
       0
       0
       0
       0
       0
       0
       0
       0
       0
       0
       0
       0
       0
       0
       0
       0
       0
       0
       0
       0
       0
       0
       0
       0
$ROI:
0
$PRESETS:
Live Time
180
0
$ENER_FIT:
0.000000 15.414295
$MCA_CAL:
3
0.000000E+000 1.541430E+001 0.000000E+000 keV
$SHAPE_CAL:
3
3.066101E+000 0.000000E+000 0.000000E+000
