$SPEC_ID:
No sample description was entered.
$SPEC_REM:
DET# 1
DETDESC# MCB 130
AP# Maestro Version 6.08
$DATE_MEA:
02/01/2022 15:44:17
$MEAS_TIM:
75 77
$DATA:
0 511
       0
       4
  211791
   27175
    1940
      94
      10
      11
       5
       1
       5
       2
       1
       1
       0
       0
       0
       1
       0
       1
       0
       0
       0
       2
       0
       0
       0
       0
       0
       0
       0
       0
       0
       0
       1
       0
       2
       0
       1
      12
      58
     164
     253
     206
      84
      20
       3
       0
       1
       0
       1
       1
       0
       0
       0
       0
       0
       1
       0
       0
       1
       0
       0
       0
       0
       0
       1
       0
       1
       0
       0
       0
       0
       0
       1
       1
       0
       0
       0
       0
       0
       9
      36
     152
     317
     408
     284
     109
       9
       3
       0
       0
       1
       0
       0
       0
       0
       0
       0
       1
       0
       0
       0
      15
      77
     212
     314
     299
     127
      35
       0
       2
       0
       1
       0
       0
       0
       1
       0
       0
       0
       1
       0
       0
       1
       0
       0
       1
       0
       0
       1
       1
       1
       1
       0
       0
       0
       1
       0
       0
       0
       1
       1
       0
       0
       1
       0
       0
       0
       0
       0
       0
       0
       0
       0
       0
       0
       0
       0
       0
       0
       0
       0
       0
       0
       0
       0
       0
       0
       0
       3
       0
       0
       0
       0
       0
       1
       1
       0
       1
       1
       2
       0
       0
       0
       0
       0
       0
       1
       2
       1
       1
       1
       0
       1
       0
       0
       0
       0
       0
       1
       0
       0
       1
       0
       1
       0
       1
       1
       0
       2
      29
      64
     164
     183
     125
      37
       7
       3
       0
       1
       0
       0
       0
       0
       1
       0
       1
       1
       1
       0
       1
       2
       1
       1
       0
       1
       1
       0
       1
       0
       0
       0
       0
       0
       1
       0
       0
       1
       0
       0
       0
       1
       1
       1
       1
       1
       0
       0
       0
       2
       0
       1
       2
       1
       1
       0
       3
       1
       0
       1
       0
       3
       1
       3
       3
       0
       1
       3
       0
       0
       1
       3
       1
       2
       0
       1
       0
       3
       1
       0
       2
       1
       2
       3
       0
       3
       2
       0
       2
       3
       4
       2
       0
       3
       1
       0
       1
       3
       3
       4
       1
       1
       3
       4
       2
       3
       2
       3
       0
       3
       3
       2
       3
       3
       2
       4
       5
       3
       4
       5
       2
       3
       4
       4
       3
       3
       5
       3
       3
       2
       4
       6
       3
       2
       4
       2
       4
       5
       5
       3
       6
       5
       3
       5
       2
       5
       7
       5
       8
       7
       5
       6
       4
       6
      10
       7
      11
       4
      11
       2
      10
       6
      15
      11
      13
      11
      10
      11
      12
       5
      16
      18
      24
      16
      17
      14
      12
      15
      24
      23
      27
      37
      29
      39
      41
      44
      42
      41
      57
      52
      54
      47
      42
      74
      51
      62
      52
      69
     106
      74
      80
      71
      55
      31
      15
       4
       1
       0
       0
       0
       0
       0
       0
       1
       7
      41
     131
     214
     199
     122
      44
       3
       1
       0
       0
       0
       1
       0
       0
       0
       0
       0
       0
       0
       0
       0
       0
       0
       0
       0
       0
       0
       0
       1
       0
       0
       0
       0
       0
       0
       0
       0
       0
       0
       0
       0
       0
       0
       0
       0
       0
       0
       0
       0
       0
       0
       0
       0
       0
       0
       0
       0
       0
       0
       0
       0
       0
       0
       0
       0
       0
       0
       0
       0
       0
       0
       0
       0
       0
       0
       0
       0
       0
       0
       0
       0
       0
       0
       0
       0
       0
$ROI:
0
$PRESETS:
Live Time
75
0
$ENER_FIT:
0.000000 15.414295
$MCA_CAL:
3
0.000000E+000 1.541430E+001 0.000000E+000 keV
$SHAPE_CAL:
3
3.066101E+000 0.000000E+000 0.000000E+000
