$SPEC_ID:
65.5 deg 20% 24torr
$SPEC_REM:
DET# 1
DETDESC# MCB 130
AP# Maestro Version 6.08
$DATE_MEA:
01/27/2022 14:51:26
$MEAS_TIM:
55 57
$DATA:
0 511
       0
       0
  159894
   22689
    2794
     639
     265
     120
      37
      19
       9
       1
       3
       1
       0
       1
       2
       0
       0
       0
       0
       0
       4
       0
       1
       1
       0
       0
       0
       1
       0
       0
       0
       0
       0
       0
       0
       1
       2
       6
      61
     140
     230
     261
     148
      37
       5
       3
       1
       0
       1
       0
       0
       0
       0
       1
       0
       0
       0
       0
       0
       0
       0
       0
       1
       0
       0
       0
       0
       0
       0
       0
       0
       0
       0
       0
       0
       1
       0
       0
       0
       2
      11
      30
     115
     206
     216
      93
      31
       4
       2
       1
       0
       0
       0
       0
       1
       0
       0
       0
       0
       0
       0
       4
      20
      57
     168
     209
     165
      55
      14
       1
       0
       0
       0
       0
       0
       0
       0
       0
       0
       0
       0
       0
       0
       0
       0
       0
       0
       0
       1
       0
       0
       0
       0
       0
       0
       0
       0
       1
       0
       1
       0
       0
       0
       1
       0
       0
       0
       0
       0
       0
       0
       0
       0
       0
       0
       0
       0
       0
       1
       0
       0
       0
       0
       1
       0
       0
       0
       0
       0
       0
       0
       0
       0
       0
       0
       1
       0
       0
       1
       0
       0
       0
       0
       0
       0
       0
       0
       2
       0
       0
       1
       1
       1
       0
       0
       0
       0
       1
       0
       0
       0
       0
       0
       0
       0
       1
       0
       1
       2
       5
      27
      93
     175
     185
      99
      25
       6
       0
       1
       0
       0
       1
       0
       0
       1
       1
       2
       0
       0
       0
       1
       0
       1
       0
       0
       1
       0
       1
       0
       0
       0
       1
       2
       1
       2
       0
       0
       0
       0
       0
       0
       1
       1
       1
       0
       1
       0
       0
       0
       0
       0
       1
       2
       1
       1
       2
       0
       0
       2
       2
       1
       0
       1
       1
       2
       1
       1
       1
       3
       2
       0
       0
       3
       1
       1
       1
       2
       2
       0
       0
       1
       0
       2
       1
       0
       1
       2
       0
       2
       2
       0
       2
       2
       0
       1
       1
       0
       1
       0
       2
       1
       1
       0
       1
       2
       2
       2
       1
       0
       3
       2
       2
       3
       1
       1
       1
       3
       3
       3
       3
       2
       4
       2
       3
       3
       3
       1
       1
       2
       4
       3
       1
       2
       9
       1
       0
       5
       4
       6
       2
       4
       5
       5
       3
       5
       5
       2
       4
       3
       2
       2
       3
       5
       6
      10
       6
       5
       4
      11
       8
       9
       8
       6
       7
       8
       6
       8
       8
       5
       6
       9
       6
      10
       9
      15
      19
      15
      19
      13
      16
      22
      28
      22
      35
      36
      29
      39
      40
      34
      34
      43
      45
      42
      39
      57
      36
      59
      55
      77
      68
      58
      47
      20
      10
       6
       0
       0
       0
       0
       0
       0
       0
       0
       0
       1
      10
      44
     125
     155
     102
      26
       8
       2
       4
       4
       5
       1
       0
       0
       1
       0
       0
       0
       0
       0
       0
       0
       0
       0
       0
       0
       0
       0
       0
       0
       1
       0
       0
       0
       0
       0
       0
       0
       0
       0
       0
       0
       0
       0
       0
       0
       0
       0
       0
       0
       0
       0
       0
       0
       0
       0
       0
       0
       0
       0
       0
       0
       0
       0
       0
       0
       0
       0
       0
       0
       0
       0
       0
       0
       0
       0
       0
       0
       0
       0
       0
       0
       0
       0
       0
$ROI:
0
$PRESETS:
Live Time
180
0
$ENER_FIT:
0.000000 15.414295
$MCA_CAL:
3
0.000000E+000 1.541430E+001 0.000000E+000 keV
$SHAPE_CAL:
3
3.066101E+000 0.000000E+000 0.000000E+000
