$SPEC_ID:
65.5 deg 20% 24torr
$SPEC_REM:
DET# 1
DETDESC# MCB 130
AP# Maestro Version 6.08
$DATE_MEA:
01/27/2022 14:52:43
$MEAS_TIM:
76 79
$DATA:
0 511
       0
       0
  180967
   19986
    1313
      70
       7
       2
       0
       3
       1
       0
       0
       0
       0
       0
       3
       1
       2
       1
       0
       2
       1
       1
       0
       1
       0
       0
       0
       1
       1
       0
       0
       0
       1
       1
       1
       0
       1
       4
      49
     166
     299
     307
     127
      35
       3
       0
       0
       0
       0
       0
       0
       1
       0
       0
       0
       0
       0
       0
       0
       0
       1
       1
       0
       0
       0
       0
       1
       0
       0
       0
       1
       0
       0
       0
       1
       1
       0
       1
       1
       1
       3
      42
     171
     314
     301
     146
      26
       5
       1
       0
       0
       0
       0
       0
       0
       1
       0
       0
       0
       1
       1
       2
      16
      80
     226
     298
     212
      88
      17
       2
       0
       1
       0
       0
       0
       0
       0
       0
       0
       0
       0
       0
       0
       0
       0
       0
       0
       0
       0
       1
       0
       0
       0
       0
       1
       0
       0
       1
       0
       1
       0
       0
       0
       0
       0
       0
       1
       0
       0
       0
       0
       0
       0
       0
       0
       1
       0
       1
       0
       2
       0
       0
       0
       3
       1
       0
       0
       1
       0
       2
       0
       0
       0
       0
       0
       0
       0
       1
       1
       2
       1
       2
       0
       1
       0
       0
       0
       2
       1
       0
       1
       0
       1
       1
       0
       0
       0
       0
       1
       0
       0
       0
       0
       1
       2
       2
       1
       0
       0
      14
      33
     144
     275
     253
     115
      24
       1
       1
       0
       0
       1
       1
       1
       0
       1
       1
       2
       0
       0
       1
       0
       2
       1
       2
       2
       0
       0
       1
       2
       1
       2
       0
       1
       2
       1
       2
       1
       3
       2
       1
       0
       1
       0
       0
       0
       0
       3
       2
       0
       2
       0
       0
       2
       0
       1
       0
       0
       3
       0
       1
       0
       1
       2
       0
       0
       1
       1
       1
       2
       2
       1
       1
       0
       1
       1
       3
       1
       2
       1
       2
       1
       1
       5
       1
       2
       2
       5
       1
       3
       3
       1
       1
       5
       3
       1
       1
       3
       3
       2
       2
       1
       3
       3
       3
       1
       1
       1
       1
       3
       2
       4
       2
       5
       0
       4
       4
       2
       1
       2
       3
       4
       2
       1
       1
       8
       4
       4
       3
       3
       7
       7
       5
       3
       6
      10
       4
       7
       4
       2
       4
       4
      10
       9
       8
       3
       6
       5
       6
       7
       6
      12
      10
      14
       6
       7
      10
       6
       4
      14
      11
      11
       7
       7
      13
       9
      11
      17
      18
      22
      16
      15
      17
      15
      22
      16
      24
      21
      26
      29
      35
      35
      34
      30
      41
      45
      45
      42
      67
      52
      50
      53
      60
      60
      69
      88
      75
      75
     112
      96
      79
      84
      45
      16
       8
       3
       0
       0
       1
       0
       1
       0
       0
       0
       0
       7
      23
     142
     253
     269
     146
      52
       8
       1
       0
       0
       0
       0
       0
       0
       0
       0
       0
       0
       0
       0
       0
       0
       0
       0
       0
       0
       0
       0
       0
       0
       0
       0
       0
       0
       0
       0
       0
       0
       0
       0
       0
       0
       0
       0
       0
       0
       0
       0
       0
       0
       0
       0
       0
       0
       0
       0
       0
       0
       0
       0
       0
       1
       0
       1
       0
       1
       0
       0
       0
       0
       0
       0
       0
       0
       0
       0
       0
       0
       0
       0
       0
       0
       0
       0
       0
$ROI:
0
$PRESETS:
Live Time
180
0
$ENER_FIT:
0.000000 15.414295
$MCA_CAL:
3
0.000000E+000 1.541430E+001 0.000000E+000 keV
$SHAPE_CAL:
3
3.066101E+000 0.000000E+000 0.000000E+000
