$SPEC_ID:
No sample description was entered.
$SPEC_REM:
DET# 1
DETDESC# MCB 130
AP# Maestro Version 6.08
$DATE_MEA:
01/27/2022 15:40:00
$MEAS_TIM:
106 109
$DATA:
0 511
       0
       0
  245713
   25217
    2076
      84
      14
       7
       4
       6
       7
       4
       7
       3
       5
       2
       4
       3
       3
       2
       1
       1
       3
       5
       5
       3
       1
       4
       2
       5
       2
       3
       1
       2
       3
       5
       2
       1
       0
       1
       1
       3
       9
       4
       0
       3
       5
       5
       5
       6
       1
       3
       1
       3
       5
       3
       3
       1
       6
       2
       8
       3
       3
       0
       2
       3
       4
       4
       5
       2
       3
       3
       4
       3
       7
       4
       4
       4
       2
       3
       5
       4
       5
       5
       3
       3
       1
       2
       2
       5
       4
       8
       5
       4
       9
       4
       8
       3
       3
       4
       5
       5
       4
       4
       5
       4
       9
       7
       6
       8
      12
       4
       7
       4
       8
      12
       6
      11
       9
      14
      13
      11
       8
       9
       9
       6
      10
      13
      17
      16
      13
      10
       9
      16
      18
      21
      17
      25
      16
      20
      19
      12
      24
      20
      17
      21
      25
      19
      32
      27
      27
      28
      27
      36
      41
      37
      40
      29
      32
      35
      43
      31
      52
      45
      48
      47
      58
      46
      46
      48
      58
      49
      55
      75
      82
      81
      68
      59
      66
      56
      41
      43
      38
      26
      17
      17
       9
       4
       6
       1
       2
       3
       2
       1
       0
       1
       1
       0
       0
       0
       0
       0
       0
       0
       0
       0
       0
       0
       0
       0
       0
       0
       0
       0
       0
       0
       0
       0
       0
       0
       0
       0
       0
       0
       0
       0
       0
       0
       0
       0
       0
       0
       0
       0
       0
       0
       0
       0
       0
       0
       0
       0
       0
       0
       0
       0
       0
       0
       0
       0
       0
       0
       0
       0
       0
       0
       0
       0
       0
       0
       0
       0
       0
       0
       0
       0
       0
       0
       0
       0
       0
       0
       0
       0
       0
       0
       0
       0
       0
       0
       0
       0
       0
       0
       0
       0
       0
       0
       0
       0
       0
       0
       0
       0
       0
       0
       0
       0
       0
       0
       0
       0
       0
       0
       0
       0
       0
       0
       0
       0
       0
       0
       0
       0
       0
       0
       0
       0
       0
       0
       0
       0
       0
       0
       0
       0
       0
       0
       0
       0
       0
       0
       0
       0
       0
       0
       0
       0
       0
       0
       1
       0
       0
       0
       0
       0
       0
       0
       0
       0
       0
       0
       0
       0
       0
       0
       0
       0
       0
       0
       0
       0
       0
       0
       0
       0
       0
       0
       0
       0
       0
       0
       0
       0
       0
       0
       0
       0
       0
       0
       0
       0
       0
       0
       0
       0
       0
       0
       0
       0
       0
       0
       0
       0
       0
       0
       0
       0
       0
       0
       0
       0
       0
       0
       0
       0
       0
       0
       0
       0
       0
       0
       0
       0
       0
       0
       0
       1
       0
       0
       0
       0
       0
       0
       0
       0
       0
       0
       0
       0
       0
       0
       0
       0
       0
       0
       0
       0
       0
       0
       0
       0
       0
       0
       0
       0
       0
       0
       0
       0
       0
       0
       0
       0
       0
       0
       0
       0
       0
       0
       0
       0
       0
       0
       0
       0
       0
       0
       0
       0
       0
       0
       0
       0
       0
       0
       0
       0
       0
       0
       0
       0
       0
       0
       0
       0
       0
       0
       0
       0
       0
       0
       0
       0
       0
       0
       0
       0
       0
       0
       0
       0
       0
       0
       0
       0
       0
       0
       0
       0
       0
       0
$ROI:
0
$PRESETS:
Live Time
180
0
$ENER_FIT:
0.000000 15.414295
$MCA_CAL:
3
0.000000E+000 1.541430E+001 0.000000E+000 keV
$SHAPE_CAL:
3
3.066101E+000 0.000000E+000 0.000000E+000
