$SPEC_ID:
No sample description was entered.
$SPEC_REM:
DET# 1
DETDESC# MCB 130
AP# Maestro Version 6.08
$DATE_MEA:
01/27/2022 15:42:23
$MEAS_TIM:
115 118
$DATA:
0 511
       0
       0
  265288
   27366
    2165
     120
      18
       9
       7
      12
       6
       4
       7
       3
       1
       6
       4
       2
       3
       2
       3
       7
       4
       4
       2
       6
       1
       5
       4
       5
       1
       5
       3
       3
       2
       5
       0
       3
       0
       2
       7
       4
       2
       6
       8
       7
       3
       2
       3
       4
       8
       7
       7
       4
       2
       5
       4
       4
       6
       6
       3
       5
       6
      10
       5
       4
       4
       7
       6
       5
       4
       8
       2
       2
       6
       8
       7
       9
       6
       3
       8
       3
       7
      10
       5
       6
      12
       8
       3
      13
       7
      11
       5
      11
      14
       8
       8
      15
      16
      11
      10
       6
      16
       8
      12
      15
      16
      23
      13
      13
      18
      19
      17
      20
      19
      21
      22
      34
      34
      22
      13
      26
      32
      21
      30
      39
      27
      32
      29
      39
      45
      37
      34
      39
      40
      54
      35
      49
      53
      41
      54
      48
      45
      45
      45
      64
      52
      67
      74
      70
      49
      67
      60
      75
      52
      60
      48
      46
      45
      39
      35
      25
      24
      21
       9
       5
       3
       2
       1
       1
       1
       1
       1
       0
       0
       0
       0
       0
       0
       0
       0
       0
       0
       0
       0
       0
       0
       0
       0
       0
       0
       0
       0
       0
       0
       0
       0
       0
       0
       0
       0
       0
       0
       0
       0
       0
       0
       0
       0
       0
       0
       0
       0
       0
       0
       0
       0
       0
       0
       0
       0
       0
       0
       0
       0
       0
       0
       0
       0
       0
       0
       0
       0
       0
       0
       0
       0
       0
       0
       0
       0
       0
       0
       0
       0
       0
       0
       0
       0
       0
       0
       0
       0
       0
       0
       0
       0
       0
       0
       0
       0
       0
       0
       0
       0
       0
       0
       0
       0
       0
       0
       0
       0
       0
       0
       0
       0
       0
       0
       0
       0
       0
       0
       0
       0
       0
       0
       0
       0
       0
       0
       0
       0
       0
       0
       0
       0
       0
       0
       0
       0
       0
       0
       0
       0
       0
       0
       0
       0
       0
       0
       0
       0
       0
       0
       0
       0
       0
       0
       0
       0
       0
       0
       0
       0
       0
       0
       0
       0
       0
       0
       0
       0
       0
       0
       0
       0
       0
       0
       0
       0
       0
       0
       0
       0
       0
       0
       0
       0
       0
       0
       0
       0
       0
       0
       0
       0
       0
       0
       0
       0
       0
       0
       0
       0
       0
       0
       0
       0
       0
       0
       0
       0
       0
       0
       0
       0
       0
       0
       0
       0
       0
       0
       0
       0
       0
       0
       0
       0
       0
       0
       0
       0
       0
       0
       0
       0
       0
       0
       0
       0
       0
       0
       0
       0
       0
       0
       0
       0
       0
       0
       0
       0
       0
       0
       0
       0
       0
       0
       0
       0
       0
       0
       0
       0
       0
       0
       0
       0
       0
       0
       0
       0
       0
       0
       0
       0
       0
       0
       0
       0
       0
       0
       0
       0
       0
       0
       0
       0
       0
       0
       0
       0
       0
       0
       0
       0
       0
       0
       0
       0
       0
       0
       0
       0
       0
       0
       0
       0
       0
       0
       0
       0
       0
       0
       0
       0
       0
       0
       0
       0
       0
       0
       0
       0
       0
       0
       0
       0
       0
       0
       0
       0
       0
       0
       0
       0
       0
       0
       0
       0
       0
       0
       0
       0
       0
       0
       0
       0
       0
       0
       0
$ROI:
0
$PRESETS:
Live Time
180
0
$ENER_FIT:
0.000000 15.414295
$MCA_CAL:
3
0.000000E+000 1.541430E+001 0.000000E+000 keV
$SHAPE_CAL:
3
3.066101E+000 0.000000E+000 0.000000E+000
