$SPEC_ID:
No sample description was entered.
$SPEC_REM:
DET# 1
DETDESC# MCB 130
AP# Maestro Version 6.08
$DATE_MEA:
01/27/2022 15:09:46
$MEAS_TIM:
73 75
$DATA:
0 511
       0
       0
  164383
   16191
    1258
      58
       5
       4
       5
       4
       2
       1
       1
       0
       1
       0
       0
       2
       0
       0
       1
       1
       0
       1
       0
       0
       0
       0
       0
       0
       1
       1
       0
       0
       1
       0
       0
       1
       0
       0
       0
       2
       0
       0
       1
       0
       1
       0
       0
       0
       1
       0
       0
       0
       1
       0
       0
       0
       0
       0
       1
       0
       0
       0
       0
       1
       0
       0
       0
       0
       0
       0
       0
       0
       0
       0
       0
       0
       0
       0
       0
       1
       0
       0
       0
       1
       0
       0
       0
       4
       0
       0
       0
       0
       0
       0
       0
       0
       0
       0
       0
       0
       0
       0
       0
       2
       0
       0
       0
       2
       0
       0
       0
       0
       0
       0
       0
       0
       1
       0
       1
       0
       1
       0
       0
       0
       0
       0
       0
       0
       0
       0
       0
       1
       4
       0
       0
       0
       0
       0
       2
       0
       1
       1
       0
       0
       0
       0
       1
       0
       0
       1
       0
       0
       1
       2
       1
       1
       0
       1
       1
       0
       2
       0
       0
       0
       0
       0
       0
       0
       2
       1
       0
       0
       0
       1
       0
       0
       3
       0
       2
       1
       1
       0
       2
       2
       1
       0
       0
       0
       1
       0
       0
       1
       1
       0
       1
       0
       0
       2
       2
       2
       1
       1
       1
       1
       0
       0
       1
       1
       0
       2
       3
       1
       0
       0
       2
       0
       1
       1
       1
       1
       1
       3
       0
       0
       0
       1
       0
       0
       0
       0
       1
       2
       1
       1
       1
       0
       0
       1
       1
       0
       1
       3
       2
       2
       1
       1
       2
       1
       2
       3
       2
       2
       3
       1
       0
       2
       4
       1
       1
       5
       2
       4
       3
       2
       1
       1
       3
       0
       3
       1
       3
       3
       1
       1
       0
       1
       3
       2
       3
       3
       2
       0
       2
       3
       4
       5
       3
       1
       2
       4
       1
       4
       4
       5
       0
       1
       6
       1
       6
       3
       2
       6
       4
       2
       4
       1
       3
       4
       6
       4
       4
       8
       5
       3
       1
       7
       5
       7
       3
       8
       8
      12
       6
       9
       6
       9
      10
      11
      11
       7
       9
      15
      17
       8
      12
      16
      15
      10
      17
      14
      17
      17
      22
      25
      22
      34
      33
      32
      43
      32
      37
      39
      48
      51
      49
      53
      49
      41
      45
      44
      54
      61
      84
      67
      77
      56
      71
      54
      60
      39
      27
      12
       6
       0
       0
       0
       0
       0
       0
       0
       0
       0
       0
       0
       0
       0
       0
       0
       0
       0
       0
       0
       0
       0
       0
       0
       0
       0
       0
       0
       0
       0
       0
       0
       0
       0
       0
       0
       0
       0
       0
       0
       0
       0
       0
       0
       0
       0
       0
       0
       0
       0
       0
       0
       0
       0
       0
       0
       0
       0
       0
       0
       0
       0
       0
       0
       0
       0
       0
       0
       0
       0
       0
       0
       0
       0
       0
       0
       0
       0
       0
       0
       0
       0
       0
       0
       0
       0
       0
       0
       0
       0
       0
       0
       0
       0
       0
       0
       0
       0
       0
       0
       0
       0
       0
       0
       0
       0
       0
       0
       0
       0
       0
       0
       0
       0
       0
       0
       0
       0
       0
       0
       0
       0
       0
       0
       0
       0
       0
       0
       0
       0
       0
       0
       0
       0
       0
       0
       0
       0
$ROI:
0
$PRESETS:
Live Time
180
0
$ENER_FIT:
0.000000 15.414295
$MCA_CAL:
3
0.000000E+000 1.541430E+001 0.000000E+000 keV
$SHAPE_CAL:
3
3.066101E+000 0.000000E+000 0.000000E+000
