$SPEC_ID:
No sample description was entered.
$SPEC_REM:
DET# 1
DETDESC# MCB 130
AP# Maestro Version 6.08
$DATE_MEA:
01/27/2022 15:33:26
$MEAS_TIM:
177 181
$DATA:
0 511
       0
       0
  406412
   41573
    3329
     144
      10
      10
       4
       2
       3
       5
       4
       3
       2
       2
       4
       3
       8
       2
       1
       1
       1
       1
       2
       5
       0
       3
       2
       0
       2
       3
       2
       1
       1
       3
       2
       1
       1
       1
       1
       2
       1
       1
       2
       2
       2
       1
       2
       1
       5
       2
       3
       0
       1
       3
       2
       3
       5
       3
       2
       5
       1
       0
       0
       3
       1
       3
       1
       2
       2
       2
       1
       0
       2
       3
       7
       0
       2
       2
       6
       1
       4
       4
       5
       5
       1
       3
       6
       5
       4
       1
       2
       3
       1
       2
       3
       1
       2
       5
       4
       4
       4
       3
       2
       4
       2
       2
       4
       3
       4
       4
       4
       9
       3
       2
       7
       6
       2
       4
       2
       7
       4
       2
       3
       6
       6
       7
       3
       5
       5
       6
       2
       7
       8
       8
      10
       7
       4
       2
       3
       3
       3
       9
       3
       7
       9
       4
       7
       9
       9
      11
       5
      11
      10
       7
       7
      12
      12
      12
       6
       9
       8
       7
      10
      10
      19
       9
      10
       8
       4
      15
      14
      15
      12
      12
       9
      15
      14
      17
       9
      15
      13
      22
      13
      10
      17
      13
      21
      14
      17
      18
      16
      30
      13
      19
      15
      29
      29
      26
      31
      32
      40
      35
      36
      37
      39
      37
      53
      52
      44
      47
      56
      47
      64
      66
      53
      80
      66
      76
      74
      86
      87
      81
      72
      91
     102
      84
     108
     134
     104
     124
     124
     144
     139
     144
     135
     137
     113
     106
      91
      73
      51
      28
      25
      16
       8
       5
       2
       3
       0
       0
       0
       1
       1
       1
       0
       1
       1
       0
       0
       0
       0
       0
       0
       0
       0
       0
       0
       0
       0
       0
       0
       0
       0
       0
       0
       0
       0
       0
       0
       0
       0
       0
       0
       0
       0
       0
       0
       0
       0
       0
       0
       0
       0
       0
       0
       0
       0
       0
       0
       0
       0
       0
       0
       0
       0
       0
       0
       0
       0
       0
       0
       0
       0
       0
       0
       0
       0
       0
       0
       0
       0
       0
       0
       0
       0
       0
       0
       0
       0
       0
       0
       0
       0
       0
       0
       0
       0
       0
       0
       0
       0
       0
       0
       1
       0
       0
       0
       0
       0
       0
       0
       0
       0
       0
       0
       0
       0
       0
       0
       1
       0
       0
       0
       0
       0
       0
       0
       0
       0
       0
       0
       0
       0
       0
       0
       0
       0
       0
       0
       0
       0
       0
       0
       0
       0
       0
       0
       0
       0
       0
       0
       0
       0
       0
       0
       0
       0
       0
       0
       0
       0
       0
       0
       0
       0
       0
       0
       0
       0
       0
       0
       0
       0
       0
       0
       0
       0
       0
       0
       0
       0
       0
       0
       1
       0
       0
       0
       0
       0
       0
       0
       0
       0
       0
       0
       0
       0
       0
       0
       0
       0
       0
       0
       0
       0
       0
       0
       0
       0
       0
       0
       0
       0
       0
       0
       0
       0
       0
       0
       0
       0
       0
       0
       0
       0
       0
       0
       0
       0
       0
       0
       0
       0
       0
       0
       0
       0
       0
       0
       0
       0
       0
       0
       0
       0
       0
       0
       0
       0
       0
       0
       0
       0
       0
       0
       0
       0
       0
       0
       0
       0
       0
       0
       0
       0
       0
       0
       0
       0
       0
$ROI:
0
$PRESETS:
Live Time
180
0
$ENER_FIT:
0.000000 15.414295
$MCA_CAL:
3
0.000000E+000 1.541430E+001 0.000000E+000 keV
$SHAPE_CAL:
3
3.066101E+000 0.000000E+000 0.000000E+000
