$SPEC_ID:
No sample description was entered.
$SPEC_REM:
DET# 1
DETDESC# MCB 130
AP# Maestro Version 6.08
$DATE_MEA:
01/27/2022 15:03:03
$MEAS_TIM:
78 80
$DATA:
0 511
       1
       0
  168384
   15760
    1213
      48
       7
       6
       3
       0
       3
       1
       1
       6
       5
       0
       1
       0
       2
       0
       1
       1
       0
       0
       0
       0
       1
       0
       0
       0
       1
       0
       0
       0
       1
       0
       0
       1
       2
       0
       0
       0
       0
       1
       0
       0
       0
       1
       2
       0
       0
       0
       0
       0
       0
       1
       0
       0
       0
       0
       0
       0
       1
       1
       0
       0
       0
       0
       0
       0
       0
       0
       0
       0
       0
       0
       0
       0
       0
       0
       0
       1
       0
       1
       0
       2
       0
       0
       0
       0
       0
       0
       0
       0
       0
       0
       1
       1
       0
       1
       1
       0
       0
       0
       0
       0
       0
       1
       0
       0
       0
       0
       0
       0
       0
       0
       0
       0
       0
       1
       0
       1
       0
       0
       0
       0
       1
       1
       2
       0
       0
       0
       0
       0
       0
       0
       2
       1
       1
       0
       0
       0
       0
       0
       0
       1
       0
       0
       1
       1
       1
       0
       0
       0
       0
       1
       0
       0
       0
       0
       3
       0
       0
       0
       0
       0
       1
       0
       1
       1
       0
       1
       0
       2
       1
       0
       1
       0
       0
       0
       0
       1
       0
       0
       0
       0
       1
       0
       0
       0
       0
       0
       2
       3
       0
       0
       0
       1
       0
       0
       1
       0
       2
       0
       0
       0
       0
       1
       2
       1
       1
       0
       0
       0
       1
       0
       0
       0
       3
       0
       1
       0
       1
       0
       0
       0
       0
       0
       1
       1
       0
       0
       0
       0
       1
       0
       1
       3
       0
       2
       1
       0
       0
       0
       1
       0
       0
       1
       0
       1
       0
       0
       1
       2
       0
       3
       0
       2
       3
       0
       1
       2
       2
       0
       2
       0
       0
       2
       3
       2
       0
       2
       4
       0
       3
       1
       1
       6
       1
       1
       0
       2
       1
       2
       0
       0
       2
       2
       0
       5
       0
       1
       2
       3
       1
       1
       3
       1
       2
       3
       2
       0
       0
       3
       2
       3
       0
       2
       2
       1
       3
       1
       2
       2
       1
       3
       3
       1
       2
       3
       2
       1
       3
       7
       2
       2
       2
       3
       3
       2
       4
       2
       5
       2
       4
       5
       3
       1
       5
       4
       3
       7
       7
       6
       5
       6
       5
       2
       5
       7
       6
       2
       8
       3
       5
       9
       5
       8
       4
       4
       4
      12
       8
      10
       8
       9
      13
      14
       4
      11
       7
      12
      15
      12
      12
       9
       9
      24
      22
      18
      19
      20
      22
      20
      28
      30
      28
      44
      42
      33
      40
      54
      60
      60
      64
      54
      55
      44
      55
      75
      54
      62
      79
      89
      88
      92
     114
      80
      66
      36
      15
       6
       2
       0
       0
       0
       0
       0
       0
       0
       0
       0
       0
       0
       0
       0
       0
       0
       0
       0
       0
       0
       0
       0
       0
       0
       0
       0
       0
       0
       0
       0
       0
       0
       0
       0
       0
       0
       0
       0
       0
       0
       0
       0
       0
       0
       0
       0
       0
       0
       0
       0
       0
       0
       0
       0
       0
       0
       0
       0
       0
       0
       0
       0
       0
       0
       0
       0
       0
       0
       0
       0
       0
       0
       0
       0
       0
       0
       0
       0
       0
       0
       0
       0
       0
       0
       0
       0
       0
       0
       0
       0
       0
       0
       0
       0
       0
       0
       0
       0
       0
       0
$ROI:
0
$PRESETS:
Live Time
180
0
$ENER_FIT:
0.000000 15.414295
$MCA_CAL:
3
0.000000E+000 1.541430E+001 0.000000E+000 keV
$SHAPE_CAL:
3
3.066101E+000 0.000000E+000 0.000000E+000
