$SPEC_ID:
No sample description was entered.
$SPEC_REM:
DET# 1
DETDESC# MCB 130
AP# Maestro Version 6.08
$DATE_MEA:
01/27/2022 15:07:34
$MEAS_TIM:
88 90
$DATA:
0 511
       0
       0
  194436
   18990
    1471
      91
      22
      13
      12
       3
       2
       1
       2
       1
       0
       1
       0
       1
       1
       2
       2
       1
       0
       0
       0
       1
       0
       1
       0
       0
       0
       0
       1
       1
       0
       0
       1
       0
       0
       0
       1
       1
       0
       0
       0
       1
       0
       0
       0
       1
       0
       0
       1
       0
       0
       0
       0
       0
       0
       0
       0
       0
       0
       0
       0
       0
       0
       0
       0
       0
       1
       0
       0
       0
       0
       0
       0
       0
       0
       0
       0
       0
       0
       0
       0
       1
       1
       0
       0
       1
       0
       1
       0
       0
       0
       1
       0
       0
       0
       0
       0
       1
       0
       0
       0
       0
       0
       0
       2
       0
       0
       0
       1
       0
       1
       0
       0
       1
       0
       0
       0
       1
       0
       2
       1
       2
       0
       0
       1
       0
       1
       1
       1
       0
       0
       0
       1
       0
       0
       0
       0
       0
       0
       1
       1
       1
       1
       2
       0
       0
       2
       0
       1
       2
       0
       1
       1
       0
       0
       0
       1
       0
       0
       2
       1
       1
       0
       0
       0
       1
       0
       1
       1
       1
       0
       1
       1
       0
       2
       0
       1
       0
       0
       0
       2
       1
       0
       0
       1
       2
       2
       0
       1
       2
       1
       0
       1
       2
       0
       1
       0
       1
       0
       1
       1
       1
       1
       2
       3
       2
       0
       1
       0
       0
       0
       3
       1
       0
       1
       1
       1
       2
       2
       0
       1
       2
       0
       2
       5
       0
       2
       1
       0
       3
       2
       2
       2
       2
       3
       0
       1
       1
       4
       0
       1
       1
       0
       3
       0
       0
       3
       0
       1
       2
       1
       1
       0
       0
       1
       0
       0
       0
       3
       1
       2
       4
       1
       2
       0
       0
       2
       0
       2
       6
       1
       0
       0
       3
       0
       3
       3
       1
       1
       3
       1
       1
       3
       3
       3
       3
       3
       1
       2
       2
       0
       4
       4
       6
       4
       5
       5
       7
       3
       7
       3
       3
       5
       7
       5
       3
       2
       4
       5
       5
       5
       9
       6
       4
       5
       5
       1
       5
       5
       8
       5
       9
       4
       5
       3
       8
       2
       9
       7
       5
       9
       6
      12
      11
      12
      11
      10
       9
       1
       7
      14
      10
       4
      10
      12
       9
      13
      21
      16
      15
      21
      18
       8
      13
      20
      21
      23
      14
      24
      28
      25
      30
      25
      30
      31
      34
      38
      47
      54
      52
      54
      51
      53
      67
      57
      67
      62
      81
      87
      81
     104
     100
      97
      90
      82
      59
      28
      15
       4
       2
       0
       0
       0
       0
       0
       0
       0
       0
       0
       0
       0
       0
       0
       0
       0
       0
       0
       0
       0
       0
       0
       0
       0
       0
       0
       0
       0
       0
       0
       0
       0
       0
       0
       0
       0
       0
       0
       0
       0
       0
       0
       0
       0
       0
       0
       0
       0
       0
       0
       0
       0
       0
       0
       0
       0
       0
       0
       0
       0
       0
       0
       0
       0
       0
       0
       0
       0
       0
       0
       0
       0
       0
       0
       0
       0
       0
       0
       0
       0
       0
       0
       0
       0
       0
       0
       0
       0
       0
       0
       0
       0
       0
       0
       0
       0
       0
       0
       0
       0
       0
       0
       0
       0
       0
       0
       0
       0
       0
       0
       0
       0
       0
       0
       0
       0
       0
       0
       0
$ROI:
0
$PRESETS:
Live Time
180
0
$ENER_FIT:
0.000000 15.414295
$MCA_CAL:
3
0.000000E+000 1.541430E+001 0.000000E+000 keV
$SHAPE_CAL:
3
3.066101E+000 0.000000E+000 0.000000E+000
