$SPEC_ID:
No sample description was entered.
$SPEC_REM:
DET# 1
DETDESC# MCB 130
AP# Maestro Version 6.08
$DATE_MEA:
01/27/2022 15:01:05
$MEAS_TIM:
76 78
$DATA:
0 511
       0
       0
  163926
   15224
    1080
      46
       6
       2
       4
       1
       0
       0
       1
       0
       1
       0
       1
       0
       1
       1
       1
       0
       0
       0
       0
       0
       0
       1
       1
       0
       0
       0
       0
       0
       0
       0
       0
       0
       0
       0
       0
       0
       0
       0
       0
       0
       0
       0
       0
       0
       0
       0
       0
       0
       0
       0
       0
       0
       0
       0
       0
       1
       0
       0
       0
       0
       0
       0
       0
       1
       0
       0
       0
       0
       0
       0
       0
       0
       1
       0
       0
       0
       0
       0
       1
       0
       0
       1
       0
       0
       0
       0
       0
       0
       1
       0
       1
       0
       1
       0
       0
       0
       0
       0
       1
       0
       0
       0
       0
       1
       0
       1
       0
       0
       0
       0
       0
       0
       1
       0
       1
       0
       0
       0
       0
       0
       0
       1
       0
       1
       0
       1
       0
       0
       0
       1
       0
       1
       0
       0
       1
       0
       0
       0
       2
       2
       0
       1
       0
       0
       1
       0
       1
       0
       0
       0
       0
       0
       0
       1
       0
       1
       0
       1
       0
       1
       0
       1
       0
       2
       0
       0
       0
       1
       0
       0
       0
       1
       0
       0
       0
       0
       0
       0
       1
       0
       1
       1
       0
       0
       1
       0
       0
       1
       0
       3
       0
       1
       0
       0
       1
       1
       2
       0
       0
       0
       0
       0
       1
       0
       0
       0
       0
       0
       0
       0
       1
       1
       0
       0
       0
       1
       1
       0
       0
       0
       2
       1
       2
       1
       0
       0
       0
       0
       1
       1
       0
       0
       1
       0
       0
       0
       1
       2
       0
       1
       0
       3
       0
       1
       3
       1
       0
       0
       1
       0
       0
       0
       1
       2
       0
       1
       0
       0
       0
       3
       0
       1
       2
       1
       1
       1
       1
       2
       1
       2
       2
       0
       0
       0
       3
       1
       3
       1
       0
       6
       0
       2
       0
       1
       1
       0
       2
       1
       0
       2
       2
       0
       1
       2
       0
       2
       2
       2
       0
       4
       1
       1
       1
       1
       4
       3
       2
       3
       1
       2
       4
       3
       3
       0
       3
       3
       2
       4
       2
       4
       1
       5
       2
       1
       5
       3
       3
       8
       2
       0
       1
       1
       2
       3
       4
       2
       4
       6
       5
       5
       5
       4
       6
       6
       5
       7
       3
       7
       4
       5
      12
       6
      12
       9
       1
       6
       6
       7
       3
       8
       6
       6
       8
       6
       7
      12
      14
      12
       8
      11
       9
       6
       7
      13
      11
      11
      14
      21
      19
      20
      22
      29
      22
      18
      28
      27
      25
      32
      38
      36
      40
      46
      40
      35
      45
      49
      60
      61
      57
      60
      74
      61
      70
      80
      83
      93
      97
     104
      57
      39
      15
       3
       0
       0
       0
       0
       0
       0
       0
       0
       0
       0
       0
       0
       0
       0
       0
       0
       0
       0
       0
       0
       0
       0
       0
       0
       0
       0
       0
       0
       0
       0
       0
       0
       0
       0
       0
       0
       0
       0
       0
       0
       0
       0
       0
       0
       0
       0
       0
       0
       0
       0
       0
       0
       0
       0
       0
       0
       0
       0
       0
       0
       0
       0
       0
       0
       0
       0
       0
       0
       0
       0
       0
       0
       0
       0
       0
       0
       0
       0
       0
       0
       0
       0
       0
       0
       0
       0
       0
       0
       0
       0
       0
       0
       0
       0
$ROI:
0
$PRESETS:
Live Time
180
0
$ENER_FIT:
0.000000 15.414295
$MCA_CAL:
3
0.000000E+000 1.541430E+001 0.000000E+000 keV
$SHAPE_CAL:
3
3.066101E+000 0.000000E+000 0.000000E+000
