$SPEC_ID:
No sample description was entered.
$SPEC_REM:
DET# 1
DETDESC# MCB 130
AP# Maestro Version 6.08
$DATE_MEA:
01/27/2022 15:23:06
$MEAS_TIM:
98 102
$DATA:
0 511
       0
       0
  260947
   34495
    4278
     756
     205
      88
      49
      22
       9
       6
      10
       4
       2
       0
       0
       1
       0
       2
       1
       1
       0
       0
       0
       0
       2
       1
       0
       2
       1
       0
       0
       1
       0
       0
       0
       1
       0
       1
       0
       1
       1
       0
       0
       0
       1
       1
       3
       1
       0
       0
       0
       0
       0
       0
       0
       1
       0
       0
       1
       0
       0
       1
       0
       0
       0
       0
       0
       0
       1
       0
       0
       0
       0
       0
       1
       1
       0
       0
       0
       0
       0
       1
       0
       1
       0
       1
       1
       1
       0
       1
       0
       1
       0
       0
       0
       1
       0
       4
       0
       1
       0
       1
       0
       1
       0
       0
       1
       0
       0
       2
       0
       0
       0
       0
       1
       0
       1
       0
       0
       1
       2
       2
       1
       2
       0
       1
       1
       0
       0
       0
       0
       0
       0
       1
       0
       1
       4
       0
       0
       3
       0
       1
       2
       1
       2
       0
       0
       0
       0
       0
       1
       2
       0
       0
       1
       1
       1
       1
       0
       3
       0
       1
       3
       1
       1
       1
       1
       2
       1
       0
       2
       4
       2
       1
       1
       0
       0
       1
       1
       2
       0
       4
       4
       1
       3
       2
       1
       2
       3
       1
       2
       1
       0
       0
       2
       2
       3
       1
       1
       3
       2
       3
       2
       0
       1
       2
       0
       4
       1
       2
       4
       5
       2
       3
       3
       0
       1
       5
       5
       1
       4
       0
       2
       1
       5
       2
       3
       4
       4
       3
       3
       1
       3
       5
       6
       2
       2
       6
       3
       7
       3
       2
       0
       3
       3
       1
       5
       2
       8
       4
       5
       2
       3
       4
       7
       3
       4
       7
       7
       5
       6
       8
       4
       6
      11
       7
       6
      10
       6
       5
      10
       9
      11
       5
       6
       6
       8
       6
       7
       6
       4
       8
       9
       9
      10
      14
       7
       8
      13
       5
      19
       6
      14
       7
      19
      16
       6
      22
      23
      22
      23
      27
      30
      24
      28
      30
      38
      37
      47
      29
      32
      46
      42
      46
      51
      35
      59
      56
      64
      44
      52
      63
      56
      73
      68
      84
      85
      97
      95
     110
     111
      76
      85
      51
      44
      24
      17
       8
       1
       2
       1
       0
       0
       0
       0
       0
       0
       0
       0
       0
       0
       0
       0
       0
       0
       0
       0
       0
       0
       0
       0
       0
       0
       0
       0
       0
       0
       0
       0
       0
       0
       0
       0
       0
       0
       0
       0
       0
       0
       0
       0
       0
       0
       0
       0
       0
       0
       0
       0
       0
       0
       0
       0
       0
       0
       0
       0
       0
       0
       0
       0
       0
       0
       0
       0
       0
       0
       0
       0
       0
       0
       0
       0
       1
       0
       0
       0
       0
       0
       0
       0
       0
       0
       0
       0
       0
       0
       0
       0
       0
       0
       0
       0
       0
       0
       0
       0
       0
       0
       0
       0
       0
       0
       0
       0
       0
       0
       0
       0
       0
       0
       0
       0
       0
       0
       0
       0
       0
       0
       0
       0
       0
       0
       0
       0
       0
       0
       0
       0
       0
       0
       0
       0
       0
       0
       0
       0
       0
       0
       0
       0
       0
       0
       0
       0
       0
       0
       0
       0
       0
       0
       0
       0
       0
       0
       0
       0
       0
       0
       0
       0
       0
       0
       0
       0
       0
       0
       0
       0
       0
$ROI:
0
$PRESETS:
Live Time
180
0
$ENER_FIT:
0.000000 15.414295
$MCA_CAL:
3
0.000000E+000 1.541430E+001 0.000000E+000 keV
$SHAPE_CAL:
3
3.066101E+000 0.000000E+000 0.000000E+000
