$SPEC_ID:
No sample description was entered.
$SPEC_REM:
DET# 1
DETDESC# MCB 130
AP# Maestro Version 6.08
$DATE_MEA:
01/27/2022 15:04:56
$MEAS_TIM:
90 92
$DATA:
0 511
       0
       0
  195228
   18665
    1428
      71
      15
       9
       4
       1
       0
       1
       0
       4
       0
       0
       3
       0
       0
       1
       0
       0
       0
       1
       1
       0
       1
       1
       0
       0
       0
       0
       0
       0
       0
       0
       0
       0
       0
       0
       0
       0
       1
       0
       0
       0
       0
       0
       0
       0
       0
       0
       1
       1
       0
       0
       1
       0
       0
       0
       0
       0
       0
       0
       1
       0
       0
       1
       0
       0
       0
       0
       0
       0
       0
       1
       1
       1
       0
       0
       0
       1
       0
       0
       1
       1
       0
       1
       0
       0
       0
       0
       0
       0
       0
       0
       1
       0
       1
       0
       1
       2
       0
       0
       0
       0
       0
       0
       1
       0
       0
       0
       0
       1
       0
       0
       0
       0
       0
       0
       0
       1
       0
       1
       0
       1
       0
       0
       1
       0
       0
       1
       0
       0
       0
       2
       1
       0
       1
       0
       2
       0
       0
       1
       1
       0
       0
       0
       0
       1
       0
       0
       0
       0
       0
       0
       0
       1
       0
       1
       1
       0
       0
       1
       2
       1
       1
       1
       1
       0
       0
       1
       1
       1
       0
       0
       1
       1
       1
       0
       0
       0
       1
       0
       0
       0
       1
       0
       1
       1
       0
       0
       1
       2
       2
       0
       1
       0
       2
       0
       1
       1
       0
       1
       3
       0
       0
       1
       1
       0
       0
       1
       0
       0
       1
       0
       1
       0
       1
       1
       1
       0
       0
       1
       0
       1
       2
       2
       0
       0
       0
       3
       0
       0
       1
       1
       0
       1
       2
       5
       3
       1
       3
       1
       0
       1
       2
       1
       2
       0
       0
       1
       2
       0
       0
       0
       2
       0
       1
       0
       0
       0
       1
       3
       2
       0
       0
       2
       2
       1
       1
       4
       0
       1
       3
       1
       2
       1
       1
       2
       1
       0
       5
       1
       4
       5
       2
       1
       4
       0
       0
       3
       0
       4
       2
       4
       1
       1
       1
       2
       5
       2
       3
       5
       2
       2
       2
       3
       6
       5
       2
       4
       5
       5
       5
       2
       0
       5
       3
       1
       3
       4
       7
       4
      10
       6
       9
       3
       1
       6
       5
       3
       7
       3
       6
       9
       6
       4
       6
       9
      10
       7
       4
       6
       3
      10
      11
       3
      10
       6
      11
      11
       9
       6
       4
       4
      10
      14
       5
      12
      12
      12
       8
      12
      18
      10
       9
      12
      15
      24
      18
      19
      30
      15
      18
      23
      22
      23
      33
      32
      30
      44
      49
      49
      55
      51
      53
      58
      61
      68
      65
      81
      67
      67
      70
      92
      95
      94
     113
     109
      92
      56
      50
      26
       9
       2
       0
       0
       0
       0
       0
       0
       0
       0
       0
       0
       0
       0
       0
       0
       0
       0
       0
       0
       0
       0
       0
       0
       0
       0
       0
       0
       0
       0
       0
       0
       0
       0
       0
       0
       0
       0
       0
       0
       0
       0
       0
       0
       0
       0
       0
       0
       0
       0
       0
       0
       0
       0
       0
       0
       0
       0
       0
       0
       0
       0
       0
       0
       0
       0
       0
       0
       0
       0
       0
       0
       0
       0
       0
       0
       0
       0
       0
       0
       0
       0
       0
       0
       0
       0
       0
       0
       0
       0
       0
       0
       0
       0
       0
       0
       0
       0
       0
       0
       0
       0
       0
       0
       0
       0
       0
       0
$ROI:
0
$PRESETS:
Live Time
180
0
$ENER_FIT:
0.000000 15.414295
$MCA_CAL:
3
0.000000E+000 1.541430E+001 0.000000E+000 keV
$SHAPE_CAL:
3
3.066101E+000 0.000000E+000 0.000000E+000
