$SPEC_ID:
No sample description was entered.
$SPEC_REM:
DET# 1
DETDESC# MCB 130
AP# Maestro Version 6.08
$DATE_MEA:
01/27/2022 15:25:34
$MEAS_TIM:
97 100
$DATA:
0 511
       0
       0
  266944
   34506
    3839
     480
     132
      62
      36
       6
       5
       2
       2
       4
       0
       2
       0
       1
       0
       1
       2
       3
       2
       0
       2
       0
       1
       1
       0
       2
       1
       2
       1
       1
       0
       1
       0
       0
       1
       0
       2
       0
       0
       0
       0
       0
       1
       1
       1
       0
       1
       0
       0
       1
       0
       1
       0
       1
       1
       1
       2
       0
       1
       0
       1
       0
       0
       0
       1
       0
       0
       2
       1
       0
       1
       0
       0
       0
       0
       1
       0
       0
       1
       0
       0
       0
       1
       0
       2
       0
       1
       0
       0
       1
       0
       1
       0
       0
       1
       0
       0
       0
       0
       1
       0
       0
       2
       0
       0
       2
       0
       3
       2
       1
       0
       1
       0
       1
       0
       0
       1
       3
       2
       1
       0
       0
       2
       0
       0
       0
       0
       0
       0
       1
       1
       1
       0
       2
       0
       1
       0
       0
       1
       1
       1
       0
       1
       0
       1
       0
       2
       0
       4
       0
       1
       0
       0
       1
       0
       1
       1
       1
       1
       1
       2
       2
       2
       3
       6
       1
       4
       1
       1
       2
       4
       1
       1
       1
       1
       0
       2
       3
       2
       3
       2
       0
       2
       0
       1
       2
       0
       4
       1
       1
       1
       5
       3
       3
       2
       3
       2
       0
       3
       1
       5
       4
       2
       3
       0
       1
       1
       4
       3
       3
       1
       3
       5
       0
       3
       4
       2
       1
       5
       5
       1
       3
       4
       7
       4
       1
       4
       1
       8
       2
       5
       3
       4
       3
       5
       8
       4
       4
       4
       3
       5
       7
       4
       4
       5
       3
       2
       8
       2
       5
       3
       4
       4
       5
       6
       7
       9
       9
       8
       9
       8
       4
      11
      10
      12
      11
       7
       9
      10
       3
       5
      12
      15
      11
       8
      13
      15
      13
      15
      17
      18
      19
      17
      23
      22
      10
      20
      24
      21
      31
      38
      32
      32
      42
      35
      45
      42
      44
      43
      42
      40
      55
      62
      67
      70
      56
      59
      65
      78
      81
     106
      83
      92
      93
      95
      77
      68
      43
      28
      20
      10
      10
       1
       0
       0
       0
       0
       0
       0
       0
       0
       0
       0
       0
       0
       0
       0
       0
       0
       0
       0
       0
       0
       0
       0
       0
       0
       0
       0
       0
       0
       0
       0
       0
       0
       0
       0
       0
       0
       0
       0
       0
       0
       0
       0
       0
       0
       0
       0
       0
       0
       0
       0
       0
       0
       0
       0
       0
       0
       0
       0
       0
       0
       0
       0
       0
       0
       0
       1
       0
       0
       0
       0
       0
       0
       0
       0
       0
       0
       0
       0
       0
       0
       0
       0
       0
       0
       0
       0
       0
       0
       0
       0
       0
       0
       0
       0
       1
       0
       0
       0
       0
       0
       0
       0
       0
       0
       0
       0
       0
       0
       0
       0
       0
       0
       0
       0
       0
       0
       0
       0
       0
       0
       0
       0
       0
       0
       0
       0
       0
       0
       0
       0
       0
       0
       0
       0
       0
       0
       0
       0
       0
       0
       0
       0
       0
       0
       0
       0
       0
       0
       0
       0
       0
       0
       0
       0
       0
       0
       0
       0
       0
       0
       0
       0
       0
       0
       0
       0
       0
       0
       0
       0
       0
       0
       0
       0
       0
       0
       0
       0
       0
       0
       0
       0
       0
       0
       0
$ROI:
0
$PRESETS:
Live Time
180
0
$ENER_FIT:
0.000000 15.414295
$MCA_CAL:
3
0.000000E+000 1.541430E+001 0.000000E+000 keV
$SHAPE_CAL:
3
3.066101E+000 0.000000E+000 0.000000E+000
