$SPEC_ID:
No sample description was entered.
$SPEC_REM:
DET# 1
DETDESC# MCB 130
AP# Maestro Version 6.08
$DATE_MEA:
01/27/2022 14:58:58
$MEAS_TIM:
73 75
$DATA:
0 511
       0
       0
  157796
   14796
    1096
      46
       7
       3
       1
       3
       1
       1
       4
       0
       2
       3
       0
       2
       3
       0
       0
       1
       0
       1
       0
       0
       0
       0
       0
       0
       0
       0
       0
       0
       0
       0
       1
       0
       0
       0
       1
       0
       0
       0
       0
       1
       0
       0
       0
       0
       0
       0
       0
       0
       1
       0
       0
       0
       0
       0
       0
       1
       0
       0
       0
       0
       0
       0
       0
       0
       0
       0
       0
       0
       0
       0
       0
       0
       0
       0
       0
       0
       0
       0
       1
       0
       0
       1
       0
       0
       0
       0
       0
       0
       0
       0
       0
       0
       0
       0
       0
       0
       1
       0
       0
       1
       0
       0
       1
       0
       1
       0
       0
       0
       1
       0
       0
       0
       0
       0
       0
       0
       0
       0
       0
       0
       0
       0
       0
       1
       0
       1
       0
       0
       0
       0
       1
       0
       0
       2
       0
       0
       0
       0
       0
       0
       0
       0
       0
       0
       0
       0
       1
       0
       0
       0
       0
       0
       1
       0
       0
       0
       0
       0
       0
       0
       1
       2
       0
       1
       0
       1
       1
       1
       0
       0
       1
       2
       0
       0
       0
       0
       1
       0
       0
       1
       0
       0
       1
       0
       0
       0
       0
       0
       0
       0
       0
       0
       0
       0
       0
       1
       0
       0
       0
       2
       1
       0
       0
       0
       0
       0
       0
       1
       1
       0
       2
       1
       0
       0
       0
       1
       1
       0
       1
       1
       0
       0
       1
       0
       0
       1
       1
       2
       1
       1
       0
       0
       1
       1
       0
       0
       0
       0
       2
       0
       1
       1
       0
       2
       0
       0
       1
       0
       1
       0
       1
       1
       1
       1
       1
       0
       1
       1
       1
       0
       1
       1
       0
       0
       1
       2
       2
       1
       2
       1
       0
       2
       0
       0
       2
       0
       1
       0
       0
       2
       1
       2
       0
       1
       0
       1
       0
       1
       1
       0
       1
       1
       1
       1
       1
       0
       1
       1
       1
       0
       2
       1
       1
       4
       2
       2
       2
       1
       2
       4
       3
       2
       1
       4
       1
       5
       1
       5
       2
       6
       1
       2
       5
       1
       2
       4
       1
       3
       2
       3
       3
       3
       4
       5
       4
       4
       2
       2
       5
       9
       1
       0
       3
       4
       3
       4
       3
       1
       2
       5
       6
       3
       9
       5
       5
       3
       9
       5
       8
       9
       5
       5
       9
       6
      11
       4
       9
       7
      11
       4
       8
       9
      12
       6
       7
      12
       9
       5
       7
      19
      21
      11
      18
      16
      18
      17
      22
      15
      18
      26
      22
      29
      36
      37
      33
      40
      47
      42
      41
      47
      45
      59
      53
      74
      46
      67
      76
      77
      81
     107
      91
      98
      69
      51
      12
       1
       0
       0
       0
       0
       0
       0
       0
       0
       0
       0
       0
       0
       0
       0
       0
       0
       0
       0
       0
       0
       0
       0
       0
       0
       0
       0
       0
       0
       0
       0
       0
       0
       0
       0
       0
       0
       0
       0
       0
       0
       0
       0
       0
       0
       0
       0
       0
       0
       0
       0
       0
       0
       0
       0
       0
       0
       0
       0
       0
       0
       0
       0
       0
       0
       0
       0
       0
       0
       0
       0
       0
       0
       0
       0
       0
       0
       0
       0
       0
       0
       0
       0
       0
       0
       0
       0
       0
       0
       0
       0
$ROI:
0
$PRESETS:
Live Time
180
0
$ENER_FIT:
0.000000 15.414295
$MCA_CAL:
3
0.000000E+000 1.541430E+001 0.000000E+000 keV
$SHAPE_CAL:
3
3.066101E+000 0.000000E+000 0.000000E+000
