$SPEC_ID:
No sample description was entered.
$SPEC_REM:
DET# 1
DETDESC# MCB 130
AP# Maestro Version 6.08
$DATE_MEA:
01/27/2022 15:30:44
$MEAS_TIM:
77 79
$DATA:
0 511
       0
       0
  182631
   19178
    1624
      71
      12
       4
       4
       3
       0
       1
       3
       1
       0
       4
       1
       0
       0
       2
       6
       1
       1
       2
       0
       2
       0
       1
       1
       2
       2
       0
       1
       1
       0
       0
       0
       1
       0
       0
       0
       1
       1
       0
       1
       0
       1
       2
       0
       0
       1
       1
       0
       0
       0
       0
       0
       2
       0
       2
       1
       0
       0
       0
       0
       0
       2
       3
       0
       0
       0
       0
       1
       0
       0
       0
       1
       0
       1
       1
       1
       1
       1
       0
       1
       1
       0
       0
       0
       3
       2
       1
       0
       0
       1
       0
       0
       1
       3
       0
       1
       1
       0
       1
       2
       1
       1
       0
       1
       0
       2
       1
       2
       3
       1
       0
       2
       1
       1
       2
       1
       1
       0
       1
       2
       5
       1
       3
       3
       3
       4
       2
       0
       0
       2
       1
       2
       1
       2
       1
       0
       1
       1
       2
       0
       1
       3
       4
       5
       2
       4
       2
       0
       0
       1
       3
       3
       2
       0
       2
       3
       1
       1
       2
       3
       1
       0
       0
       4
       4
       3
       2
       2
       1
       4
       5
       2
       3
       1
       5
       5
       2
       4
       5
       2
       5
       5
       8
       4
       3
       3
       5
       3
       6
       3
       8
       4
       3
       7
       3
       6
       4
       2
      12
       3
      11
       8
       6
       4
       7
       9
       4
      10
       3
       5
       5
       7
       9
       4
       6
       4
      14
       3
       8
       9
      14
       4
      10
      13
      10
      15
       7
      15
       9
      16
      15
      18
      20
      17
      12
      24
      36
      27
      25
      28
      28
      30
      30
      29
      38
      33
      33
      32
      32
      46
      30
      44
      43
      50
      50
      45
      50
      55
      76
      56
      66
      72
      58
      56
      51
      41
      28
      19
      18
      12
       5
       2
       1
       1
       0
       0
       0
       0
       0
       0
       0
       0
       0
       0
       0
       0
       0
       0
       0
       0
       0
       0
       0
       0
       0
       0
       0
       0
       0
       0
       0
       0
       0
       0
       0
       0
       0
       0
       0
       0
       0
       0
       0
       0
       0
       0
       0
       0
       0
       0
       0
       0
       0
       0
       0
       0
       0
       0
       0
       0
       0
       0
       0
       0
       0
       0
       0
       0
       0
       0
       0
       0
       0
       0
       0
       0
       0
       0
       0
       0
       0
       0
       0
       0
       0
       0
       0
       0
       0
       0
       0
       0
       0
       0
       0
       0
       0
       0
       0
       0
       0
       0
       0
       0
       0
       0
       0
       0
       0
       0
       0
       0
       0
       0
       0
       0
       0
       0
       0
       0
       0
       0
       0
       0
       0
       0
       0
       0
       0
       0
       0
       0
       0
       0
       0
       0
       0
       0
       0
       0
       0
       0
       0
       0
       0
       0
       0
       0
       0
       0
       0
       0
       0
       0
       0
       0
       0
       0
       0
       0
       0
       0
       0
       0
       0
       0
       0
       0
       0
       0
       0
       0
       0
       0
       0
       0
       0
       0
       0
       0
       0
       0
       1
       0
       0
       0
       0
       0
       0
       0
       0
       0
       0
       0
       0
       0
       0
       0
       0
       0
       0
       0
       0
       0
       0
       0
       0
       0
       0
       0
       0
       0
       0
       0
       0
       0
       0
       0
       0
       1
       0
       0
       0
       0
       0
       0
       0
       0
       0
       0
       0
       0
       0
       0
       0
       0
       0
$ROI:
0
$PRESETS:
Live Time
180
0
$ENER_FIT:
0.000000 15.414295
$MCA_CAL:
3
0.000000E+000 1.541430E+001 0.000000E+000 keV
$SHAPE_CAL:
3
3.066101E+000 0.000000E+000 0.000000E+000
