$SPEC_ID:
No sample description was entered.
$SPEC_REM:
DET# 1
DETDESC# MCB 130
AP# Maestro Version 6.08
$DATE_MEA:
01/27/2022 15:27:57
$MEAS_TIM:
98 101
$DATA:
0 511
       0
       0
  255384
   30109
    3007
     161
      11
       3
       2
       4
       3
       2
       3
       3
       0
       2
       2
       2
       4
       2
       1
       2
       1
       0
       1
       2
       2
       1
       1
       1
       1
       1
       0
       0
       0
       0
       0
       2
       1
       0
       1
       0
       0
       1
       2
       0
       0
       1
       1
       1
       0
       0
       0
       0
       1
       1
       0
       1
       1
       2
       1
       1
       1
       0
       2
       1
       1
       0
       0
       0
       2
       1
       1
       1
       0
       0
       0
       2
       2
       2
       0
       1
       0
       0
       1
       2
       2
       2
       1
       2
       0
       1
       0
       0
       0
       1
       1
       0
       1
       0
       0
       1
       2
       1
       2
       0
       1
       0
       1
       2
       1
       1
       1
       3
       3
       0
       1
       2
       0
       0
       1
       3
       2
       2
       4
       1
       1
       0
       4
       1
       1
       1
       1
       1
       4
       2
       1
       2
       0
       1
       0
       2
       2
       1
       0
       1
       2
       1
       0
       0
       2
       2
       1
       1
       2
       1
       1
       0
       2
       3
       2
       3
       0
       2
       7
       0
       5
       5
       0
       0
       5
       1
       5
       0
       2
       1
       3
       1
       2
       1
       4
       2
       2
       2
       4
       2
       1
       3
       2
       3
       6
       2
       5
       4
       2
       5
       2
       2
       6
       3
       6
       2
       2
       4
       4
       2
       7
       3
       5
       5
       4
       5
       5
       4
       1
       4
       5
       2
       6
       3
       8
       9
       6
       8
       5
       7
       6
       5
       7
       6
       4
       5
       8
      10
       5
       7
      11
       7
      11
       8
       9
       8
       7
      14
      15
      10
       8
      22
      11
      13
      14
       8
      17
      18
      13
      16
      25
      19
      14
      17
      28
      23
      16
      14
      35
      42
      34
      50
      35
      43
      45
      41
      49
      43
      51
      56
      47
      50
      62
      64
      65
      42
      70
      71
      82
      75
      88
      74
      88
      84
      78
      65
      60
      60
      26
      12
       8
       8
       2
       2
       0
       0
       0
       0
       0
       0
       0
       0
       0
       0
       0
       0
       0
       0
       0
       0
       0
       0
       0
       0
       0
       0
       0
       0
       0
       0
       0
       0
       0
       0
       0
       0
       0
       0
       0
       0
       0
       0
       0
       0
       0
       0
       0
       0
       0
       0
       0
       0
       0
       0
       0
       0
       0
       0
       0
       0
       0
       0
       0
       0
       0
       0
       0
       0
       0
       0
       0
       0
       0
       0
       0
       0
       0
       0
       0
       0
       0
       0
       0
       0
       0
       0
       0
       0
       0
       0
       0
       0
       0
       0
       0
       0
       0
       0
       0
       0
       0
       0
       0
       0
       0
       0
       0
       0
       0
       0
       0
       0
       0
       0
       0
       0
       0
       0
       0
       0
       0
       0
       0
       0
       0
       0
       0
       0
       0
       0
       0
       0
       0
       0
       0
       0
       0
       0
       0
       0
       0
       0
       0
       0
       0
       0
       0
       0
       0
       0
       0
       0
       0
       0
       0
       0
       0
       0
       0
       0
       0
       0
       0
       0
       0
       0
       0
       0
       0
       0
       0
       0
       0
       0
       0
       0
       0
       0
       0
       0
       0
       0
       0
       0
       0
       0
       0
       0
       0
       0
       0
       0
       0
       0
       0
       0
       0
       0
       0
       0
       0
       0
       0
       0
       0
       0
       0
       0
       0
       0
       0
       0
       0
       0
       0
       0
$ROI:
0
$PRESETS:
Live Time
180
0
$ENER_FIT:
0.000000 15.414295
$MCA_CAL:
3
0.000000E+000 1.541430E+001 0.000000E+000 keV
$SHAPE_CAL:
3
3.066101E+000 0.000000E+000 0.000000E+000
