$SPEC_ID:
No sample description was entered.
$SPEC_REM:
DET# 1
DETDESC# MCB 130
AP# Maestro Version 6.08
$DATE_MEA:
01/27/2022 15:37:51
$MEAS_TIM:
75 77
$DATA:
0 511
       0
       0
  173355
   18009
    1419
      54
       9
       5
       4
       3
       4
       3
       1
       1
       3
       0
       0
       0
       3
       2
       2
       0
       3
       0
       2
       1
       0
       1
       3
       2
       1
       2
       0
       0
       0
       1
       4
       3
       0
       1
       1
       2
       1
       0
       0
       2
       0
       2
       0
       5
       1
       1
       1
       1
       1
       1
       1
       2
       1
       0
       1
       2
       1
       1
       1
       2
       4
       1
       0
       0
       3
       0
       1
       0
       1
       2
       1
       1
       2
       2
       3
       1
       1
       2
       1
       1
       1
       2
       2
       2
       5
       0
       2
       2
       1
       3
       3
       1
       3
       2
       1
       3
       2
       3
       3
       2
       3
       4
       3
       2
       2
       2
       3
       1
       4
       4
       2
       2
       1
       3
       6
       5
       1
       6
       3
       4
       7
       2
       5
       4
       3
       7
       7
       8
       5
       4
       2
       3
       8
       0
      11
       5
       4
       4
       3
       4
       9
       3
       7
       4
       4
      15
       3
       5
       7
       6
      13
      11
       5
       7
      11
       9
      13
      17
      12
      13
      12
      12
      15
      12
      19
      20
      18
      15
      15
      15
      24
      26
      24
      30
      30
      23
      28
      37
      33
      26
      28
      39
      36
      26
      42
      38
      44
      44
      60
      42
      41
      38
      46
      52
      44
      65
      42
      41
      44
      49
      46
      19
      25
      13
      11
       6
       3
       2
       1
       0
       0
       0
       0
       0
       0
       0
       0
       0
       0
       0
       0
       0
       0
       0
       0
       0
       0
       0
       0
       0
       0
       0
       0
       0
       0
       0
       0
       0
       0
       0
       0
       0
       0
       0
       0
       0
       0
       0
       0
       0
       0
       0
       0
       0
       0
       0
       0
       0
       0
       0
       0
       0
       0
       0
       0
       0
       0
       0
       0
       0
       0
       0
       0
       0
       0
       0
       0
       0
       0
       0
       0
       0
       1
       0
       0
       0
       0
       0
       0
       0
       0
       0
       0
       0
       0
       0
       0
       0
       0
       0
       0
       0
       0
       0
       0
       0
       0
       0
       0
       0
       0
       0
       0
       0
       0
       0
       0
       0
       0
       0
       0
       0
       0
       0
       0
       0
       0
       0
       0
       0
       0
       0
       0
       0
       0
       0
       0
       0
       0
       0
       0
       0
       0
       0
       0
       0
       0
       0
       0
       0
       0
       0
       0
       0
       0
       0
       0
       0
       0
       0
       0
       0
       0
       0
       0
       0
       0
       0
       0
       0
       0
       0
       0
       0
       0
       0
       0
       0
       0
       0
       0
       0
       0
       0
       0
       0
       0
       0
       0
       0
       0
       0
       0
       0
       0
       0
       0
       0
       0
       0
       0
       0
       0
       0
       0
       0
       0
       0
       0
       0
       0
       0
       0
       0
       0
       0
       0
       0
       0
       0
       0
       0
       0
       0
       0
       0
       0
       0
       0
       0
       0
       0
       0
       0
       0
       0
       0
       0
       0
       0
       0
       0
       0
       0
       0
       0
       0
       0
       0
       0
       0
       0
       0
       0
       0
       0
       0
       0
       0
       0
       0
       0
       0
       0
       0
       0
       0
       0
       0
       0
       0
       0
       0
       0
       0
       0
       0
       0
       0
       0
       0
       0
       0
       0
       0
       0
       0
       0
       0
       0
       0
       0
       0
       0
       0
       0
       0
       0
       0
       0
       0
       0
       0
       0
       0
       0
$ROI:
0
$PRESETS:
Live Time
180
0
$ENER_FIT:
0.000000 15.414295
$MCA_CAL:
3
0.000000E+000 1.541430E+001 0.000000E+000 keV
$SHAPE_CAL:
3
3.066101E+000 0.000000E+000 0.000000E+000
