$SPEC_ID:
No sample description was entered.
$SPEC_REM:
DET# 1
DETDESC# MCB 130
AP# Maestro Version 6.08
$DATE_MEA:
01/27/2022 15:12:21
$MEAS_TIM:
74 75
$DATA:
0 511
       0
       0
  166372
   16558
    1278
      48
       8
       1
       1
       1
       1
       1
       0
       0
       1
       0
       2
       1
       0
       1
       1
       0
       1
       0
       0
       0
       0
       0
       0
       0
       0
       0
       0
       0
       0
       1
       0
       0
       0
       1
       0
       0
       1
       0
       1
       0
       0
       1
       1
       0
       0
       1
       0
       0
       0
       0
       0
       0
       0
       0
       0
       0
       0
       1
       0
       2
       0
       1
       0
       0
       0
       0
       1
       0
       0
       1
       0
       0
       0
       0
       0
       0
       0
       0
       0
       0
       0
       0
       0
       0
       0
       0
       1
       0
       0
       1
       0
       1
       0
       0
       0
       2
       1
       1
       0
       0
       0
       0
       0
       0
       1
       1
       0
       0
       1
       0
       0
       0
       2
       1
       0
       0
       1
       1
       0
       0
       0
       0
       0
       0
       0
       1
       0
       0
       0
       0
       0
       3
       0
       0
       0
       0
       1
       1
       2
       0
       1
       1
       0
       0
       1
       0
       0
       0
       1
       0
       0
       0
       0
       0
       2
       2
       0
       0
       0
       1
       1
       1
       2
       0
       0
       0
       0
       1
       0
       0
       0
       1
       0
       1
       1
       1
       0
       0
       0
       2
       0
       1
       1
       0
       0
       2
       0
       1
       0
       1
       1
       1
       0
       1
       1
       1
       0
       0
       0
       1
       2
       3
       4
       0
       3
       0
       2
       0
       1
       1
       0
       0
       4
       0
       1
       5
       1
       2
       0
       0
       1
       2
       0
       0
       1
       1
       2
       1
       1
       4
       1
       5
       2
       3
       0
       1
       0
       0
       2
       0
       2
       1
       1
       3
       2
       2
       1
       1
       3
       6
       2
       5
       2
       4
       2
       2
       2
       1
       1
       5
       3
       3
       2
       3
       3
       1
       1
       3
       3
       3
       3
       2
       6
       3
       0
       6
       4
       4
       1
       2
       6
       6
       4
       6
       4
       5
       4
       3
       3
       6
       3
       3
       5
       2
       6
       8
       3
       3
       6
      11
       5
       8
       8
       4
       8
      14
      14
       6
       7
       8
       6
       8
      11
      10
      15
       9
      11
      11
      11
      16
      14
      12
      21
      27
      28
      22
      27
      29
      31
      28
      31
      52
      33
      36
      50
      41
      44
      46
      52
      53
      61
      74
      69
      69
      72
      72
      73
      90
      69
      76
      39
      39
      15
       8
       4
       0
       0
       0
       0
       0
       0
       0
       0
       0
       0
       0
       0
       0
       0
       0
       0
       0
       0
       0
       0
       0
       0
       0
       0
       0
       0
       0
       0
       0
       0
       0
       0
       0
       0
       0
       0
       0
       0
       0
       0
       0
       0
       0
       0
       0
       0
       0
       0
       0
       0
       0
       0
       0
       0
       0
       0
       0
       0
       0
       0
       0
       0
       0
       0
       0
       0
       0
       0
       0
       0
       0
       0
       0
       0
       0
       0
       0
       0
       0
       0
       0
       0
       0
       0
       0
       0
       0
       0
       0
       0
       0
       0
       0
       0
       0
       0
       0
       0
       0
       0
       0
       0
       0
       0
       0
       0
       0
       0
       0
       0
       0
       0
       0
       0
       0
       0
       0
       0
       0
       0
       0
       0
       0
       0
       0
       0
       0
       0
       0
       0
       0
       0
       0
       0
       0
       0
       0
       0
       0
       0
       0
       0
       0
       0
       0
       0
       0
       0
       0
       0
       0
$ROI:
0
$PRESETS:
Live Time
180
0
$ENER_FIT:
0.000000 15.414295
$MCA_CAL:
3
0.000000E+000 1.541430E+001 0.000000E+000 keV
$SHAPE_CAL:
3
3.066101E+000 0.000000E+000 0.000000E+000
