$SPEC_ID:
No sample description was entered.
$SPEC_REM:
DET# 1
DETDESC# MCB 130
AP# Maestro Version 6.08
$DATE_MEA:
02/01/2022 14:56:31
$MEAS_TIM:
75 77
$DATA:
0 511
       0
       0
  209574
   26247
    2598
     199
      52
      17
      16
       5
       1
       2
       2
       1
       1
       1
       1
       1
       0
       0
       0
       2
       1
       0
       0
       0
       0
       0
       0
       0
       0
       0
       1
       0
       0
       0
       1
       0
       0
       0
       1
       0
       0
       0
       0
       0
       0
       0
       0
       0
       0
       0
       0
       0
       0
       0
       0
       0
       0
       0
       0
       0
       0
       0
       0
       1
       0
       0
       1
       0
       0
       0
       0
       0
       0
       0
       0
       0
       1
       1
       0
       0
       0
       0
       0
       0
       0
       0
       0
       0
       0
       0
       0
       0
       1
       0
       0
       0
       0
       0
       0
       1
       0
       0
       1
       0
       0
       0
       0
       0
       0
       1
       0
       0
       0
       0
       0
       0
       0
       0
       0
       0
       2
       0
       0
       0
       1
       0
       0
       0
       1
       1
       0
       0
       0
       0
       1
       0
       1
       1
       0
       0
       1
       1
       1
       0
       0
       0
       0
       0
       0
       0
       0
       0
       0
       1
       3
       1
       0
       0
       0
       0
       1
       0
       0
       0
       0
       0
       0
       1
       2
       0
       2
       0
       0
       0
       0
       1
       0
       0
       0
       0
       0
       1
       2
       1
       0
       0
       0
       0
       0
       1
       1
       1
       0
       0
       0
       0
       2
       1
       0
       2
       1
       0
       0
       0
       0
       0
       1
       1
       1
       0
       0
       0
       0
       0
       0
       1
       2
       0
       0
       1
       0
       0
       2
       1
       1
       0
       1
       0
       0
       0
       0
       2
       0
       0
       1
       0
       1
       1
       1
       1
       1
       0
       1
       1
       1
       0
       0
       1
       0
       1
       1
       0
       0
       2
       1
       1
       0
       3
       1
       1
       0
       0
       1
       3
       1
       0
       1
       0
       3
       0
       2
       2
       1
       0
       0
       1
       0
       0
       0
       2
       3
       0
       0
       0
       2
       0
       2
       1
       2
       2
       2
       6
       0
       0
       3
       2
       1
       3
       1
       2
       4
       1
       1
       2
       1
       3
       1
       2
       2
       0
       1
       1
       1
       2
       4
       2
       0
       2
       3
       3
       1
       2
       3
       0
       2
       4
       1
       3
       3
       2
       5
       2
       1
       3
       4
       2
       4
       4
       2
       0
       1
       5
       6
       3
       4
       6
       3
       4
       1
       5
       4
       3
       0
       6
       4
       6
       4
       4
       3
       4
       2
       8
       3
       4
       4
       6
       3
       6
       4
       6
      10
      13
       6
       8
      15
       5
      15
       6
      10
       9
      14
      14
      12
      12
      15
      12
      21
      12
      20
      26
      21
      28
      41
      23
      30
      45
      41
      41
      43
      60
      50
      49
      59
      60
      60
      68
      63
      70
      76
      84
      80
      84
      83
      76
      62
      28
      14
       4
       1
       0
       0
       0
       0
       0
       0
       0
       0
       0
       0
       0
       0
       0
       0
       0
       0
       0
       0
       0
       0
       0
       0
       0
       0
       0
       0
       0
       0
       0
       0
       0
       0
       0
       0
       0
       0
       0
       0
       0
       0
       0
       0
       0
       0
       0
       0
       0
       0
       0
       0
       0
       0
       0
       0
       0
       0
       0
       0
       0
       0
       0
       0
       0
       0
       0
       0
       0
       0
       0
       0
       0
       0
       0
       0
       0
       0
       0
       0
       0
       0
       0
       0
       0
       0
       0
       0
       0
       0
       0
       0
       0
$ROI:
0
$PRESETS:
Live Time
75
0
$ENER_FIT:
0.000000 15.414295
$MCA_CAL:
3
0.000000E+000 1.541430E+001 0.000000E+000 keV
$SHAPE_CAL:
3
3.066101E+000 0.000000E+000 0.000000E+000
