$SPEC_ID:
No sample description was entered.
$SPEC_REM:
DET# 1
DETDESC# MCB 130
AP# Maestro Version 6.08
$DATE_MEA:
02/01/2022 15:03:20
$MEAS_TIM:
75 77
$DATA:
0 511
       0
       0
  210073
   25945
    2459
     155
      17
       5
       3
       1
       2
       2
       0
       2
       1
       1
       0
       0
       1
       2
       0
       1
       1
       0
       0
       1
       1
       0
       1
       0
       0
       2
       0
       0
       0
       0
       0
       0
       0
       0
       0
       0
       0
       0
       0
       0
       0
       0
       0
       0
       0
       0
       0
       0
       0
       0
       0
       0
       0
       0
       0
       0
       0
       0
       0
       0
       0
       0
       0
       0
       1
       0
       0
       0
       0
       0
       0
       0
       0
       0
       0
       0
       1
       0
       0
       1
       1
       0
       0
       0
       0
       0
       0
       0
       0
       0
       0
       0
       0
       0
       0
       0
       0
       0
       0
       0
       0
       0
       0
       0
       0
       0
       0
       0
       0
       0
       0
       1
       0
       1
       0
       0
       0
       0
       0
       0
       0
       1
       0
       0
       1
       0
       0
       0
       0
       0
       1
       0
       0
       0
       0
       0
       0
       0
       1
       1
       1
       0
       0
       1
       0
       0
       0
       1
       1
       1
       0
       0
       0
       1
       1
       0
       0
       0
       1
       0
       0
       0
       0
       0
       0
       0
       0
       0
       2
       2
       1
       0
       0
       1
       1
       0
       1
       0
       0
       1
       0
       0
       0
       0
       0
       1
       0
       0
       0
       0
       0
       0
       0
       0
       0
       0
       1
       1
       0
       0
       0
       1
       0
       0
       0
       1
       1
       0
       1
       1
       0
       3
       0
       0
       0
       2
       3
       0
       1
       0
       1
       1
       0
       0
       2
       0
       0
       0
       0
       0
       0
       0
       5
       0
       0
       2
       0
       0
       0
       2
       1
       3
       2
       2
       1
       0
       2
       0
       1
       1
       0
       1
       1
       0
       0
       2
       0
       0
       1
       2
       0
       1
       1
       2
       1
       0
       2
       0
       0
       3
       0
       1
       2
       0
       0
       2
       0
       2
       0
       0
       2
       2
       2
       4
       0
       1
       2
       1
       0
       1
       1
       0
       3
       0
       0
       0
       4
       2
       2
       1
       0
       0
       2
       6
       1
       3
       2
       0
       3
       1
       1
       1
       4
       1
       0
       2
       1
       4
       2
       2
       6
       4
       1
       3
       2
       2
       1
       2
       2
       2
       3
       5
       4
       6
       1
       4
       0
       5
       4
       5
       5
       7
       6
       0
       1
       4
       4
       3
       5
       4
       2
       5
       3
       5
       6
       8
       5
       3
       6
      11
       2
      10
       7
       5
       3
       6
       4
       9
      10
       6
       8
      10
      12
      13
       5
       7
      17
       8
      17
      11
      11
      21
      12
      24
      17
      16
      17
      21
      26
      21
      31
      27
      34
      46
      44
      37
      48
      58
      62
      55
      50
      62
      50
      67
      63
      80
      72
      90
      85
      84
      57
      34
      13
       5
       1
       0
       0
       0
       0
       0
       0
       0
       0
       0
       0
       0
       0
       0
       0
       0
       0
       0
       0
       0
       0
       0
       0
       0
       0
       0
       0
       0
       0
       0
       0
       0
       0
       0
       0
       0
       0
       0
       0
       0
       0
       0
       0
       0
       0
       0
       0
       0
       0
       0
       0
       0
       0
       0
       0
       0
       0
       0
       0
       0
       0
       0
       0
       0
       0
       0
       0
       0
       0
       0
       0
       0
       0
       0
       0
       0
       0
       0
       0
       0
       0
       0
       0
       0
       0
       0
       0
       0
       0
       0
       0
       0
$ROI:
0
$PRESETS:
Live Time
75
0
$ENER_FIT:
0.000000 15.414295
$MCA_CAL:
3
0.000000E+000 1.541430E+001 0.000000E+000 keV
$SHAPE_CAL:
3
3.066101E+000 0.000000E+000 0.000000E+000
