$SPEC_ID:
No sample description was entered.
$SPEC_REM:
DET# 1
DETDESC# MCB 130
AP# Maestro Version 6.08
$DATE_MEA:
02/01/2022 14:59:14
$MEAS_TIM:
75 77
$DATA:
0 511
       0
       0
  208462
   25906
    2493
     141
      26
      14
       2
       4
       2
       0
       1
       2
       1
       0
       0
       0
       2
       0
       1
       1
       1
       1
       1
       1
       1
       1
       0
       0
       0
       0
       0
       0
       1
       1
       0
       0
       0
       0
       0
       0
       0
       0
       0
       0
       1
       0
       1
       0
       0
       0
       0
       0
       0
       0
       0
       1
       0
       0
       0
       0
       0
       0
       0
       0
       0
       0
       0
       0
       0
       0
       0
       0
       0
       0
       0
       0
       0
       0
       0
       0
       0
       0
       0
       0
       0
       0
       0
       0
       0
       0
       0
       0
       0
       0
       0
       1
       0
       0
       0
       1
       0
       0
       0
       0
       0
       0
       0
       0
       0
       0
       0
       0
       0
       0
       0
       0
       0
       1
       0
       0
       0
       0
       0
       1
       0
       0
       0
       0
       0
       0
       0
       0
       0
       0
       0
       0
       0
       0
       0
       1
       0
       1
       0
       0
       0
       0
       0
       0
       0
       0
       0
       0
       0
       0
       0
       1
       1
       0
       0
       1
       0
       0
       0
       1
       0
       0
       0
       0
       0
       1
       0
       0
       0
       2
       1
       1
       0
       0
       0
       0
       1
       0
       0
       0
       0
       1
       1
       1
       1
       0
       0
       2
       1
       0
       0
       1
       1
       0
       1
       1
       0
       0
       1
       1
       0
       1
       0
       0
       0
       0
       2
       0
       0
       1
       0
       1
       1
       1
       0
       0
       0
       0
       0
       0
       1
       0
       0
       0
       1
       3
       1
       0
       0
       2
       0
       0
       0
       1
       0
       1
       0
       2
       1
       0
       1
       0
       1
       0
       1
       1
       2
       1
       1
       2
       1
       2
       0
       0
       0
       3
       1
       1
       0
       1
       1
       2
       0
       3
       0
       2
       2
       0
       1
       2
       0
       1
       2
       0
       0
       2
       2
       0
       2
       0
       1
       2
       0
       1
       2
       0
       1
       1
       0
       0
       1
       2
       0
       0
       3
       3
       2
       0
       0
       4
       3
       2
       3
       3
       2
       1
       4
       1
       2
       3
       3
       1
       2
       3
       3
       4
       4
       1
       0
       3
       2
       1
       3
       5
       0
       3
       4
       4
       2
       2
       3
       3
       2
       1
       2
       5
       2
       6
       5
       4
       4
       4
       2
       6
       4
       6
       3
       4
       7
       4
       2
       9
       7
       5
       1
       3
       5
       5
       9
      11
       7
       6
       2
       4
       8
       9
      13
      10
       4
      10
       8
      11
       7
      12
       6
      14
       6
      15
      14
       8
      23
      12
      17
      19
      14
      17
      22
      38
      26
      32
      22
      41
      51
      34
      50
      37
      50
      53
      44
      43
      57
      65
      52
      70
      66
      74
      72
      63
      94
      75
      68
      34
      16
       2
       0
       0
       0
       0
       0
       0
       0
       0
       0
       0
       0
       0
       0
       0
       0
       0
       0
       0
       0
       0
       0
       0
       0
       0
       0
       0
       0
       0
       0
       0
       0
       0
       0
       0
       0
       0
       0
       0
       0
       0
       0
       0
       0
       0
       0
       0
       0
       0
       0
       0
       0
       0
       0
       0
       0
       0
       0
       0
       0
       0
       0
       0
       0
       0
       0
       0
       0
       0
       0
       0
       0
       0
       0
       0
       0
       0
       0
       0
       0
       0
       0
       0
       0
       0
       0
       0
       0
       0
       0
       0
       0
       0
$ROI:
0
$PRESETS:
Live Time
75
0
$ENER_FIT:
0.000000 15.414295
$MCA_CAL:
3
0.000000E+000 1.541430E+001 0.000000E+000 keV
$SHAPE_CAL:
3
3.066101E+000 0.000000E+000 0.000000E+000
