$SPEC_ID:
No sample description was entered.
$SPEC_REM:
DET# 1
DETDESC# MCB 130
AP# Maestro Version 6.08
$DATE_MEA:
02/01/2022 14:49:35
$MEAS_TIM:
75 77
$DATA:
0 511
       0
       0
  209326
   25713
    2570
     227
      69
      38
      24
      11
       6
       0
       1
       1
       1
       1
       1
       1
       0
       1
       0
       0
       1
       0
       3
       0
       1
       0
       0
       0
       0
       0
       0
       0
       0
       0
       0
       1
       0
       0
       0
       0
       0
       0
       0
       0
       0
       0
       0
       0
       0
       0
       0
       0
       0
       0
       0
       0
       0
       0
       0
       0
       0
       0
       0
       0
       0
       0
       0
       0
       0
       0
       0
       0
       0
       0
       0
       0
       0
       0
       0
       0
       0
       0
       1
       0
       0
       0
       0
       1
       0
       0
       0
       0
       0
       0
       0
       0
       0
       0
       0
       0
       1
       0
       0
       0
       0
       0
       0
       0
       0
       0
       0
       0
       0
       1
       0
       1
       0
       0
       0
       1
       0
       0
       0
       0
       0
       0
       0
       1
       0
       0
       1
       1
       0
       0
       0
       0
       0
       0
       0
       0
       0
       0
       0
       1
       1
       0
       0
       0
       0
       0
       0
       0
       0
       0
       2
       0
       0
       0
       0
       0
       0
       0
       0
       0
       0
       0
       0
       0
       0
       0
       0
       0
       0
       0
       0
       0
       0
       0
       0
       0
       2
       0
       0
       0
       0
       0
       0
       0
       0
       0
       2
       0
       0
       1
       0
       0
       0
       1
       0
       0
       0
       0
       0
       0
       2
       0
       0
       0
       0
       1
       0
       1
       0
       0
       0
       0
       0
       0
       1
       1
       2
       0
       0
       0
       2
       1
       0
       0
       0
       2
       1
       0
       0
       2
       2
       0
       1
       2
       3
       0
       0
       2
       0
       1
       0
       3
       0
       0
       0
       1
       0
       1
       0
       2
       0
       1
       1
       1
       0
       0
       1
       1
       4
       1
       0
       0
       2
       1
       0
       0
       1
       0
       1
       1
       2
       0
       0
       0
       1
       0
       3
       1
       2
       0
       0
       0
       0
       1
       0
       0
       2
       2
       2
       2
       3
       1
       2
       0
       0
       1
       4
       1
       0
       1
       4
       1
       4
       2
       1
       1
       3
       0
       1
       4
       3
       2
       3
       2
       1
       2
       2
       4
       2
       0
       2
       1
       3
       4
       3
       4
       2
       2
       4
       1
       3
       4
       1
       3
       4
       2
       9
       4
       4
       4
       3
       3
       6
       6
       0
       2
       5
       6
       9
       5
       5
       7
       7
       4
      10
       7
      13
       6
       8
       5
       2
       5
       5
       4
      11
      11
       7
       4
       7
      12
      13
      11
      16
       9
      10
       8
      14
      11
      12
       8
      12
      19
      17
      11
      25
      24
      14
      27
      26
      33
      37
      34
      40
      43
      52
      36
      52
      54
      50
      54
      73
      52
      64
      68
      80
      80
      78
      99
      90
      74
      47
      25
       4
       0
       1
       0
       0
       0
       0
       0
       0
       0
       0
       0
       0
       0
       0
       0
       0
       0
       0
       0
       0
       0
       0
       0
       0
       0
       0
       0
       0
       0
       0
       0
       0
       0
       0
       0
       0
       0
       0
       0
       0
       0
       0
       0
       0
       0
       0
       0
       0
       0
       0
       0
       0
       0
       0
       0
       0
       0
       0
       0
       0
       0
       0
       0
       0
       0
       0
       0
       0
       0
       0
       0
       0
       0
       0
       0
       0
       0
       0
       0
       0
       0
       0
       0
       0
       0
       0
       0
       0
       0
       0
       0
       0
       0
$ROI:
0
$PRESETS:
Live Time
75
0
$ENER_FIT:
0.000000 15.414295
$MCA_CAL:
3
0.000000E+000 1.541430E+001 0.000000E+000 keV
$SHAPE_CAL:
3
3.066101E+000 0.000000E+000 0.000000E+000
