$SPEC_ID:
No sample description was entered.
$SPEC_REM:
DET# 1
DETDESC# MCB 130
AP# Maestro Version 6.08
$DATE_MEA:
02/01/2022 15:22:20
$MEAS_TIM:
75 77
$DATA:
0 511
       0
       0
  212893
   26459
    2550
     158
      12
       4
       2
       1
       0
       0
       1
       4
       1
       3
       1
       1
       1
       0
       1
       3
       1
       0
       0
       0
       1
       1
       1
       0
       2
       0
       2
       0
       0
       1
       1
       1
       1
       1
       1
       1
       1
       1
       3
       3
       0
       0
       1
       0
       3
       0
       1
       1
       1
       0
       0
       1
       1
       3
       1
       3
       1
       0
       0
       0
       1
       1
       1
       0
       0
       3
       0
       0
       1
       1
       0
       2
       1
       4
       0
       3
       2
       1
       1
       2
       0
       1
       1
       2
       1
       1
       1
       0
       2
       1
       1
       2
       0
       0
       0
       2
       0
       1
       0
       2
       0
       0
       1
       0
       2
       1
       1
       0
       3
       1
       0
       2
       0
       0
       1
       2
       1
       1
       0
       4
       0
       0
       3
       1
       0
       1
       3
       1
       1
       5
       4
       1
       3
       2
       3
       3
       2
       4
       5
       1
       2
       5
       7
       2
       1
       3
       1
       1
       3
       4
       4
       6
       3
       4
       1
       5
       2
       8
       7
       0
       4
       3
       3
       2
       7
       5
       3
      10
       6
       8
       3
       3
       2
       6
      11
       6
       6
       2
       4
       4
       6
       4
       5
       6
      12
       4
      10
       5
      11
      10
      10
      16
       9
      13
      11
       3
      11
      21
      13
      12
      20
      17
      14
      18
      20
      11
      17
      21
      24
      21
      35
      27
      33
      37
      22
      30
      37
      34
      38
      31
      38
      42
      30
      43
      45
      49
      45
      52
      51
      59
      58
      41
      48
      64
      45
      29
      38
      27
      24
      25
       9
       4
       3
       1
       1
       0
       0
       0
       0
       0
       0
       0
       0
       0
       0
       0
       0
       0
       0
       0
       0
       0
       0
       0
       0
       0
       0
       0
       0
       0
       0
       0
       0
       0
       0
       0
       0
       0
       0
       0
       0
       0
       0
       0
       0
       0
       0
       0
       0
       0
       0
       0
       0
       0
       0
       0
       0
       0
       0
       0
       0
       0
       0
       0
       0
       0
       0
       0
       0
       0
       0
       0
       0
       0
       0
       0
       0
       0
       0
       0
       0
       0
       0
       0
       0
       0
       0
       0
       0
       0
       0
       0
       0
       0
       0
       0
       0
       0
       0
       0
       0
       0
       0
       0
       0
       0
       0
       0
       0
       0
       0
       0
       0
       0
       0
       0
       0
       0
       0
       0
       0
       0
       0
       0
       0
       0
       0
       0
       0
       0
       0
       0
       0
       0
       0
       0
       0
       0
       0
       0
       0
       0
       0
       0
       0
       0
       0
       0
       0
       0
       0
       0
       0
       0
       0
       0
       0
       0
       0
       0
       0
       0
       0
       0
       0
       0
       0
       0
       0
       0
       0
       0
       0
       0
       0
       0
       0
       0
       0
       0
       0
       0
       0
       0
       0
       0
       0
       0
       0
       0
       0
       0
       0
       0
       0
       0
       0
       0
       0
       0
       0
       0
       0
       0
       0
       0
       0
       0
       0
       0
       0
       0
       0
       0
       0
       0
       0
       0
       0
       0
       0
       0
       0
       0
       0
       0
       0
       0
       0
       0
       0
       0
       0
       0
       0
       0
       0
       0
       0
       0
       0
       0
       0
       0
       0
       0
       0
       0
       0
       0
       0
       0
       0
       0
       0
       0
       0
       0
       0
       0
       0
       0
       0
       0
       0
       0
$ROI:
0
$PRESETS:
Live Time
75
0
$ENER_FIT:
0.000000 15.414295
$MCA_CAL:
3
0.000000E+000 1.541430E+001 0.000000E+000 keV
$SHAPE_CAL:
3
3.066101E+000 0.000000E+000 0.000000E+000
