$SPEC_ID:
No sample description was entered.
$SPEC_REM:
DET# 1
DETDESC# MCB 130
AP# Maestro Version 6.08
$DATE_MEA:
02/01/2022 15:17:59
$MEAS_TIM:
75 77
$DATA:
0 511
       0
       0
  212909
   26829
    2718
     180
      34
      12
       5
       4
       0
       6
       4
       3
       2
       4
       2
       2
       2
       0
       2
       2
       1
       1
       1
       1
       0
       1
       0
       0
       3
       1
       1
       2
       0
       1
       0
       0
       1
       2
       0
       0
       1
       0
       0
       1
       1
       0
       0
       1
       2
       0
       1
       0
       0
       1
       0
       2
       1
       1
       0
       0
       0
       1
       1
       2
       1
       0
       0
       0
       3
       1
       2
       1
       1
       1
       3
       1
       0
       1
       2
       0
       2
       4
       0
       2
       1
       2
       1
       1
       0
       1
       0
       1
       1
       6
       1
       2
       0
       2
       1
       2
       1
       1
       2
       1
       0
       1
       0
       1
       0
       3
       2
       1
       2
       5
       4
       0
       7
       1
       1
       0
       3
       1
       2
       3
       1
       2
       3
       0
       2
       0
       3
       2
       1
       2
       2
       3
       2
       3
       1
       1
       2
       1
       1
       2
       3
       4
       2
       1
       0
       3
       7
       4
       5
       5
       3
       3
       5
       2
       3
       2
       5
       5
       2
       5
       3
       2
       5
       7
       3
       4
       1
       3
       1
       8
       3
       3
       6
       6
       3
       5
       3
       4
      14
       6
       6
      10
       5
       5
      12
       9
       4
       4
       8
      12
       6
       6
      12
       9
      13
       5
      17
      13
      12
      16
      13
      16
      13
      11
      13
      15
      19
      15
      22
      27
      32
      32
      28
      30
      35
      29
      33
      27
      33
      38
      30
      41
      32
      29
      40
      45
      45
      49
      57
      53
      56
      52
      54
      50
      53
      52
      33
      44
      21
      25
      16
       4
       4
       4
       1
       0
       1
       0
       0
       0
       0
       0
       0
       0
       0
       0
       0
       0
       0
       0
       0
       0
       0
       0
       0
       0
       0
       0
       0
       0
       0
       0
       0
       0
       0
       0
       0
       0
       0
       0
       0
       0
       0
       0
       0
       0
       1
       0
       0
       0
       0
       0
       0
       0
       0
       0
       0
       0
       0
       0
       0
       0
       0
       0
       0
       0
       0
       0
       0
       0
       0
       0
       0
       0
       0
       0
       0
       0
       0
       0
       0
       0
       0
       0
       0
       0
       0
       0
       0
       0
       0
       0
       0
       0
       0
       0
       0
       0
       0
       0
       0
       0
       0
       0
       0
       0
       0
       0
       0
       0
       0
       0
       0
       0
       0
       0
       0
       0
       0
       0
       0
       0
       0
       0
       0
       0
       0
       0
       0
       0
       0
       0
       0
       0
       0
       0
       0
       0
       0
       0
       0
       0
       0
       0
       0
       0
       0
       0
       0
       0
       0
       0
       0
       0
       0
       0
       0
       0
       0
       0
       0
       0
       0
       0
       0
       0
       0
       0
       0
       0
       0
       0
       0
       0
       0
       0
       0
       0
       0
       0
       0
       0
       0
       0
       0
       0
       0
       0
       0
       0
       0
       0
       0
       0
       0
       0
       0
       0
       0
       0
       0
       0
       0
       0
       0
       0
       0
       0
       0
       0
       0
       0
       0
       0
       0
       0
       0
       0
       0
       0
       0
       0
       0
       0
       0
       0
       0
       0
       0
       0
       0
       0
       0
       0
       0
       0
       0
       0
       0
       0
       0
       0
       0
       0
       0
       0
       0
       0
       0
       0
       0
       0
       0
       0
       0
       0
       0
       0
       0
       0
       0
       0
       0
       0
       0
       0
$ROI:
0
$PRESETS:
Live Time
75
0
$ENER_FIT:
0.000000 15.414295
$MCA_CAL:
3
0.000000E+000 1.541430E+001 0.000000E+000 keV
$SHAPE_CAL:
3
3.066101E+000 0.000000E+000 0.000000E+000
