$SPEC_ID:
No sample description was entered.
$SPEC_REM:
DET# 1
DETDESC# MCB 130
AP# Maestro Version 6.08
$DATE_MEA:
02/01/2022 15:20:21
$MEAS_TIM:
75 77
$DATA:
0 511
       0
       0
  211196
   25978
    2492
     144
      20
       9
       5
       5
       1
       2
       2
       2
       3
       0
       1
       0
       0
       3
       3
       1
       1
       3
       1
       0
       3
       0
       1
       0
       0
       1
       1
       0
       0
       0
       0
       1
       2
       0
       0
       3
       1
       1
       1
       0
       1
       2
       1
       0
       1
       0
       0
       1
       1
       0
       0
       0
       2
       0
       0
       0
       0
       2
       0
       1
       1
       1
       0
       1
       1
       1
       2
       1
       1
       0
       3
       1
       0
       5
       1
       0
       1
       1
       3
       1
       0
       1
       1
       0
       2
       0
       2
       2
       1
       2
       2
       1
       1
       1
       4
       0
       1
       0
       0
       1
       2
       4
       0
       0
       2
       2
       0
       2
       2
       0
       0
       0
       0
       4
       3
       3
       1
       3
       3
       2
       0
       2
       1
       2
       1
       2
       0
       0
       1
       2
       2
       3
       6
       0
       4
       5
       3
       3
       2
       5
       3
       5
       0
       5
       6
       3
       1
       7
       4
       1
       1
       4
       3
       1
       2
       6
       0
       3
       4
       6
       4
       3
       2
       5
       4
       6
       6
       4
       8
       3
       1
       7
       3
       5
      11
       5
       7
       6
       3
       3
       7
       5
       7
      14
      12
      11
       6
      13
       8
       8
       6
      11
       7
      12
      11
      10
       9
      15
      18
      16
      14
      14
      16
      18
      19
      21
      25
      28
      21
      32
      24
      30
      30
      30
      23
      29
      22
      28
      44
      25
      42
      52
      30
      40
      48
      40
      32
      57
      49
      53
      54
      52
      62
      61
      42
      32
      38
      37
      22
      19
      11
       8
       6
       4
       3
       1
       0
       0
       0
       0
       0
       0
       0
       0
       0
       0
       0
       0
       0
       0
       0
       0
       0
       0
       0
       0
       0
       0
       0
       0
       0
       0
       0
       0
       0
       0
       0
       0
       0
       0
       0
       0
       0
       0
       0
       0
       0
       0
       0
       0
       0
       0
       0
       0
       0
       0
       0
       0
       0
       0
       0
       0
       0
       0
       0
       0
       0
       0
       0
       0
       0
       0
       0
       0
       0
       0
       0
       0
       0
       0
       0
       0
       0
       0
       0
       0
       0
       0
       0
       0
       0
       0
       0
       0
       0
       0
       0
       0
       0
       0
       0
       0
       0
       0
       0
       0
       0
       0
       0
       0
       0
       0
       0
       0
       0
       0
       0
       0
       0
       0
       0
       0
       0
       0
       0
       0
       0
       0
       0
       0
       0
       0
       0
       0
       0
       0
       0
       0
       0
       0
       0
       0
       0
       0
       0
       0
       0
       0
       0
       0
       0
       0
       0
       0
       0
       0
       0
       0
       0
       0
       0
       0
       0
       0
       0
       0
       0
       0
       0
       0
       0
       0
       0
       0
       0
       0
       0
       0
       0
       0
       0
       0
       0
       0
       0
       0
       0
       0
       0
       0
       0
       0
       0
       0
       0
       0
       0
       0
       0
       0
       0
       0
       0
       0
       0
       0
       0
       0
       0
       0
       0
       0
       0
       0
       0
       0
       0
       0
       0
       0
       0
       0
       0
       0
       0
       0
       0
       0
       0
       0
       0
       0
       0
       0
       0
       0
       0
       0
       0
       0
       0
       0
       0
       0
       0
       0
       0
       0
       0
       0
       0
       0
       0
       0
       0
       0
       0
       0
       0
       0
       0
       0
       0
       0
       0
       0
$ROI:
0
$PRESETS:
Live Time
75
0
$ENER_FIT:
0.000000 15.414295
$MCA_CAL:
3
0.000000E+000 1.541430E+001 0.000000E+000 keV
$SHAPE_CAL:
3
3.066101E+000 0.000000E+000 0.000000E+000
