$SPEC_ID:
No sample description was entered.
$SPEC_REM:
DET# 1
DETDESC# MCB 130
AP# Maestro Version 6.08
$DATE_MEA:
02/01/2022 15:24:26
$MEAS_TIM:
75 77
$DATA:
0 511
       0
       0
  213162
   27014
    2613
     189
      18
      12
       4
       3
       4
       3
       3
       1
       1
       0
       1
       0
       5
       0
       1
       1
       0
       2
       1
       1
       2
       1
       3
       1
       0
       3
       1
       0
       1
       0
       0
       1
       0
       1
       2
       0
       1
       1
       0
       0
       1
       1
       0
       1
       0
       0
       1
       0
       0
       0
       0
       0
       0
       2
       0
       0
       0
       1
       1
       2
       1
       0
       4
       2
       0
       2
       0
       0
       1
       1
       0
       2
       1
       1
       0
       0
       0
       0
       0
       1
       2
       1
       1
       2
       0
       5
       0
       2
       0
       2
       1
       1
       1
       1
       1
       1
       0
       0
       3
       1
       1
       2
       1
       1
       3
       2
       3
       2
       0
       2
       2
       1
       1
       2
       1
       0
       0
       6
       2
       1
       1
       3
       2
       0
       1
       2
       3
       3
       2
       1
       1
       2
       1
       4
       3
       3
       1
       3
       4
       1
       2
       3
       6
       2
       3
       2
       5
       4
       3
       0
       3
       5
       2
       5
       4
       0
       4
       2
       4
       3
       2
       4
       5
       1
       4
       9
       2
       4
       6
       4
       3
       3
       4
       3
       4
       3
       6
       4
       6
       4
       7
      11
       7
      10
      10
      11
      11
       5
       8
       6
       8
       8
       6
      12
      16
      11
      11
      16
      14
      17
      16
       8
       9
      24
      13
      23
      17
      20
      25
      26
      27
      20
      23
      42
      28
      32
      35
      38
      35
      37
      54
      46
      45
      44
      47
      38
      31
      60
      60
      59
      52
      64
      59
      47
      31
      37
      37
      21
      18
      21
       9
       6
       3
       0
       1
       2
       0
       0
       0
       0
       0
       0
       0
       0
       0
       0
       0
       0
       0
       0
       0
       0
       0
       0
       0
       0
       0
       0
       0
       0
       0
       0
       0
       0
       0
       0
       0
       0
       0
       0
       0
       0
       0
       0
       0
       0
       0
       0
       0
       0
       0
       0
       0
       0
       0
       0
       0
       0
       0
       0
       0
       0
       0
       0
       0
       0
       0
       0
       0
       0
       0
       0
       0
       0
       0
       0
       0
       0
       0
       0
       0
       0
       0
       0
       0
       0
       0
       0
       0
       0
       0
       0
       0
       0
       0
       0
       0
       0
       0
       0
       0
       0
       0
       0
       0
       0
       0
       0
       0
       0
       0
       0
       0
       0
       0
       0
       0
       0
       0
       0
       0
       0
       0
       0
       0
       0
       0
       0
       0
       0
       0
       0
       0
       0
       0
       0
       0
       0
       0
       0
       0
       0
       0
       0
       0
       0
       0
       0
       0
       0
       0
       0
       0
       0
       0
       0
       0
       0
       0
       0
       0
       0
       0
       0
       0
       0
       0
       0
       0
       0
       0
       0
       0
       0
       0
       0
       0
       0
       0
       0
       0
       0
       0
       0
       0
       0
       0
       0
       0
       0
       0
       0
       0
       0
       0
       0
       0
       0
       0
       0
       0
       0
       0
       0
       0
       0
       0
       0
       0
       0
       0
       0
       0
       0
       0
       0
       0
       0
       0
       0
       0
       0
       0
       0
       0
       0
       0
       0
       0
       0
       0
       0
       0
       0
       0
       0
       0
       0
       0
       0
       0
       0
       0
       0
       0
       0
       0
       0
       0
       0
       0
       0
       0
       0
       0
       0
       0
       0
       0
       0
       0
       0
       0
       0
       0
       0
$ROI:
0
$PRESETS:
Live Time
75
0
$ENER_FIT:
0.000000 15.414295
$MCA_CAL:
3
0.000000E+000 1.541430E+001 0.000000E+000 keV
$SHAPE_CAL:
3
3.066101E+000 0.000000E+000 0.000000E+000
