$SPEC_ID:
No sample description was entered.
$SPEC_REM:
DET# 1
DETDESC# MCB 130
AP# Maestro Version 6.08
$DATE_MEA:
02/01/2022 15:14:23
$MEAS_TIM:
75 77
$DATA:
0 511
       0
       0
  215177
   27717
    2749
     146
      24
       2
       5
       1
       4
       2
       2
       2
       3
       2
       0
       1
       0
       1
       1
       0
       1
       1
       0
       0
       0
       0
       1
       1
       1
       0
       0
       1
       0
       1
       1
       0
       2
       1
       2
       2
       0
       0
       1
       0
       0
       2
       0
       1
       2
       1
       1
       0
       2
       0
       1
       1
       2
       1
       1
       1
       2
       0
       0
       1
       0
       0
       0
       1
       1
       1
       1
       1
       0
       0
       0
       1
       3
       1
       1
       0
       0
       0
       3
       2
       2
       0
       1
       3
       2
       3
       0
       0
       0
       0
       1
       1
       0
       1
       0
       1
       3
       0
       2
       0
       1
       1
       1
       2
       2
       1
       1
       1
       1
       2
       1
       2
       0
       2
       4
       1
       2
       0
       4
       2
       2
       5
       3
       1
       1
       1
       0
       1
       4
       3
       2
       5
       1
       3
       0
       2
       6
       0
       2
       2
       4
       6
       4
       2
       2
       2
       4
       3
       5
       2
       2
       1
       4
       3
       5
       5
       4
       4
       2
       5
       5
       3
       3
       3
       5
       5
       3
       5
       3
       5
       5
       3
       3
       6
       8
       5
       3
       5
       3
       2
       9
       8
       6
       6
       7
      10
      13
       3
      12
       7
       6
      11
      12
       9
       6
       2
      14
      17
      10
      12
      13
      15
      21
      22
      17
      18
      23
      16
      24
      16
      19
      21
      35
      24
      33
      33
      31
      35
      32
      30
      34
      33
      43
      43
      41
      49
      37
      41
      58
      42
      54
      68
      52
      44
      70
      69
      45
      30
      30
      19
      19
       4
       9
       6
       3
       3
       1
       2
       0
       0
       0
       0
       0
       0
       0
       0
       0
       0
       0
       0
       0
       0
       0
       0
       0
       0
       0
       0
       0
       0
       0
       0
       0
       0
       0
       0
       0
       0
       0
       0
       0
       0
       0
       0
       0
       0
       0
       0
       0
       0
       0
       0
       0
       0
       0
       0
       0
       0
       0
       0
       0
       0
       0
       0
       0
       0
       0
       0
       0
       0
       0
       0
       0
       0
       0
       0
       0
       0
       0
       0
       0
       0
       0
       0
       0
       0
       0
       0
       0
       0
       0
       0
       0
       0
       0
       0
       0
       0
       0
       0
       0
       0
       0
       0
       0
       0
       0
       0
       0
       0
       0
       0
       0
       0
       0
       0
       0
       0
       0
       0
       0
       0
       0
       0
       0
       0
       0
       0
       0
       0
       0
       0
       0
       0
       0
       0
       0
       0
       0
       0
       0
       0
       0
       0
       0
       0
       0
       0
       0
       0
       0
       0
       0
       0
       0
       0
       0
       0
       0
       0
       0
       0
       0
       0
       0
       0
       0
       0
       0
       0
       0
       0
       0
       0
       0
       0
       0
       0
       0
       0
       0
       0
       0
       0
       0
       0
       0
       0
       0
       0
       0
       0
       0
       0
       0
       0
       0
       0
       0
       0
       0
       0
       0
       0
       0
       0
       0
       0
       0
       0
       0
       0
       0
       0
       0
       0
       0
       0
       0
       0
       0
       0
       0
       0
       0
       0
       0
       0
       0
       0
       0
       0
       0
       0
       0
       0
       0
       0
       0
       0
       0
       0
       0
       0
       0
       0
       0
       0
       0
       0
       0
       0
       0
       0
       0
       0
       0
       0
       0
       0
       0
       0
       0
       0
       0
       0
$ROI:
0
$PRESETS:
Live Time
75
0
$ENER_FIT:
0.000000 15.414295
$MCA_CAL:
3
0.000000E+000 1.541430E+001 0.000000E+000 keV
$SHAPE_CAL:
3
3.066101E+000 0.000000E+000 0.000000E+000
