$SPEC_ID:
No sample description was entered.
$SPEC_REM:
DET# 1
DETDESC# MCB 130
AP# Maestro Version 6.08
$DATE_MEA:
02/01/2022 15:16:14
$MEAS_TIM:
75 77
$DATA:
0 511
       0
       0
  213223
   26880
    2773
     189
      40
      18
      11
       4
       7
       2
       2
       3
       5
       1
       1
       1
       1
       1
       0
       0
       1
       0
       2
       1
       0
       0
       0
       1
       1
       0
       1
       1
       1
       0
       1
       1
       0
       0
       3
       0
       2
       1
       1
       0
       2
       0
       3
       1
       1
       1
       0
       0
       3
       1
       0
       0
       1
       1
       1
       2
       1
       3
       4
       0
       2
       1
       2
       0
       0
       1
       1
       0
       1
       0
       0
       1
       2
       1
       2
       3
       1
       1
       0
       0
       2
       1
       2
       1
       1
       1
       1
       1
       0
       0
       0
       1
       2
       2
       1
       1
       1
       1
       2
       0
       0
       4
       3
       0
       0
       2
       2
       1
       4
       1
       1
       2
       4
       1
       1
       0
       4
       1
       1
       0
       1
       3
       1
       2
       2
       0
       2
       2
       0
       1
       3
       4
       6
       3
       1
       6
       3
       2
       1
       1
       1
       4
       3
       1
       6
       5
       1
       2
       3
       5
       3
       3
       3
       0
       2
       1
       5
       3
       4
       3
       2
       2
       3
       4
       6
       4
       4
       4
       5
       4
       7
       4
       8
       1
       9
      11
       7
       4
       3
       5
       4
       3
       4
       9
       7
       9
       7
       8
       5
       7
      11
       4
       8
      14
       9
      10
       7
      10
      13
      15
      14
      16
      20
      21
      24
      18
      21
      20
      20
      19
      26
      23
      25
      27
      31
      25
      28
      36
      27
      28
      43
      39
      25
      45
      35
      51
      51
      43
      46
      49
      54
      48
      51
      51
      50
      53
      36
      43
      19
      28
      15
      11
       4
       6
       0
       0
       0
       0
       0
       0
       0
       0
       0
       0
       0
       0
       0
       0
       0
       0
       0
       0
       0
       0
       0
       0
       0
       0
       0
       0
       0
       0
       0
       0
       0
       0
       0
       0
       0
       0
       0
       0
       0
       0
       0
       0
       0
       0
       0
       0
       0
       0
       0
       0
       0
       0
       0
       0
       0
       0
       0
       0
       0
       0
       0
       0
       0
       0
       0
       0
       0
       0
       0
       0
       0
       0
       0
       0
       0
       0
       0
       0
       0
       0
       0
       0
       0
       0
       0
       0
       0
       0
       0
       0
       0
       0
       0
       0
       0
       0
       0
       0
       0
       0
       0
       0
       0
       0
       0
       0
       0
       0
       0
       0
       0
       0
       0
       0
       0
       0
       0
       0
       0
       0
       0
       0
       0
       0
       0
       0
       0
       0
       0
       0
       0
       0
       0
       0
       0
       0
       0
       0
       0
       0
       0
       0
       0
       0
       0
       0
       0
       0
       0
       0
       0
       0
       0
       0
       0
       0
       0
       0
       0
       0
       0
       0
       0
       0
       0
       0
       0
       0
       0
       0
       0
       0
       0
       0
       0
       0
       0
       0
       0
       0
       0
       0
       0
       0
       0
       0
       0
       0
       0
       0
       0
       0
       0
       0
       0
       0
       0
       0
       0
       0
       0
       0
       0
       0
       0
       0
       0
       0
       0
       0
       0
       0
       0
       0
       0
       0
       0
       0
       0
       0
       0
       0
       0
       0
       0
       0
       0
       0
       0
       0
       0
       0
       0
       0
       0
       0
       0
       0
       0
       0
       0
       0
       0
       0
       0
       0
       0
       0
       0
       0
       0
       0
       0
       0
       0
       0
       0
       0
       0
       0
       0
       0
$ROI:
0
$PRESETS:
Live Time
75
0
$ENER_FIT:
0.000000 15.414295
$MCA_CAL:
3
0.000000E+000 1.541430E+001 0.000000E+000 keV
$SHAPE_CAL:
3
3.066101E+000 0.000000E+000 0.000000E+000
